cds.comp100047_c0_seq2	CHOYP_LOC589390.1.1|m.11589	55.07	138	62	0	4	141	101	238	5e-54	  179
cds.comp100097_c2_seq1	CHOYP_IPO11.1.1|m.10814	50.66	227	111	1	1	226	496	722	2e-64	  216
cds.comp100104_c0_seq1	CHOYP_NEMVEDRAFT_V1G247395.6.8|m.36005	28.26	322	185	9	1	316	28	309	7e-33	  130
cds.comp100104_c1_seq1	CHOYP_BRAFLDRAFT_118535.5.8|m.53809	56.52	138	57	2	1	136	2409	2545	7e-42	  151
cds.comp100105_c0_seq1	CHOYP_BRAFLDRAFT_125635.1.1|m.10767	61.40	285	83	10	10	283	297	565	4e-102	  313
cds.comp100108_c1_seq1	CHOYP_APLP.2.2|m.55987	59.41	372	145	2	1	368	548	917	3e-153	  484
cds.comp100120_c0_seq1	CHOYP_LOC100877947.1.1|m.51907	53.54	99	45	1	1	99	558	655	4e-34	  126
cds.comp100152_c0_seq1	CHOYP_DICPUDRAFT_50844.1.1|m.23441	56.50	223	95	1	1	223	34	254	2e-75	  243
cds.comp100184_c0_seq1	CHOYP_LOC100370334.1.1|m.48934	58.74	143	59	0	1	143	393	535	2e-53	  179
cds.comp100185_c1_seq1	CHOYP_SVEP1.5.8|m.35492	50.89	169	70	4	6	174	363	518	1e-38	  140
cds.comp100187_c0_seq1	CHOYP_BRAFLDRAFT_206907.7.11|m.42201	72.22	90	25	0	6	95	1	90	2e-43	  143
cds.comp100239_c0_seq1	CHOYP_ZPR_4288.1.1|m.2620	46.67	105	56	0	1	105	254	358	7e-30	  114
cds.comp100298_c0_seq1	CHOYP_RPS11.2.5|m.21116	37.67	223	134	3	4	222	65	286	3e-42	  148
cds.comp100366_c1_seq1	CHOYP_LOC100636568.1.1|m.16013	63.49	189	69	0	2	190	1103	1291	8e-80	  261
cds.comp100369_c0_seq1	CHOYP_contig_009048|m.10508	48.44	128	63	2	1	127	1	126	1e-33	  117
cds.comp100439_c1_seq1	CHOYP_SC6A8.1.1|m.33915	52.85	193	88	1	1	190	439	631	4e-69	  225
cds.comp100440_c0_seq1	CHOYP_BRAFLDRAFT_214694.1.1|m.26594	73.71	194	51	0	1	194	9	202	6e-104	  301
cds.comp100442_c1_seq1	CHOYP_LOC101175691.1.1|m.55537	47.02	151	77	1	5	155	380	527	2e-41	  146
cds.comp100480_c1_seq1	CHOYP_VKR.1.1|m.56628	71.29	101	29	0	1	101	908	1008	3e-42	  150
cds.comp100486_c1_seq1	CHOYP_contig_031360|m.35812	47.50	240	109	6	1	235	39	266	9e-60	  193
cds.comp100507_c0_seq1	CHOYP_BRAFLDRAFT_106563.3.5|m.36215	43.97	141	78	1	3	143	4	143	3e-37	  132
cds.comp100517_c0_seq1	CHOYP_BRAFLDRAFT_209377.1.1|m.60234	72.41	203	51	3	1	201	774	973	1e-91	  291
cds.comp100523_c0_seq1	CHOYP_LOC100369711.1.1|m.57992	45.39	141	69	2	1	138	241	376	3e-32	  120
cds.comp100540_c0_seq1	CHOYP_MESH1.1.3|m.13824	72.59	135	37	0	1	135	62	196	3e-66	  203
cds.comp100564_c0_seq1	CHOYP_OTU5B.1.1|m.6211	65.29	412	132	6	1	409	1	404	0.0	  542
cds.comp100564_c0_seq2	CHOYP_OTU5B.1.1|m.6211	58.13	523	191	10	1	507	1	511	0.0	  584
cds.comp100581_c0_seq1	CHOYP_ASK1.1.2|m.586	77.08	144	33	0	3	146	577	720	3e-72	  237
cds.comp10062_c0_seq1	CHOYP_MVP.1.1|m.56230	69.47	95	29	0	1	95	169	263	8e-40	  142
cds.comp100661_c0_seq1	CHOYP_MOB1.1.1|m.19452	95.36	194	9	0	47	240	1	194	2e-139	  395
cds.comp100680_c0_seq1	CHOYP_SI1L1.2.2|m.60746	49.22	258	123	6	12	265	220	473	2e-66	  226
cds.comp100709_c0_seq1	CHOYP_LOC659713.1.1|m.21648	65.00	120	40	2	2	120	4802	4920	5e-43	  155
cds.comp100725_c0_seq1	CHOYP_RPC_1864.1.1|m.19056	37.23	282	144	9	1	266	35	299	2e-47	  163
cds.comp100732_c0_seq1	CHOYP_TAZ.1.1|m.8371	41.24	97	56	1	3	99	164	259	3e-21	86.3
cds.comp100741_c0_seq1	CHOYP_CTL2.1.2|m.3857	75.94	266	64	0	3	268	533	798	1e-146	  435
cds.comp100747_c0_seq1	CHOYP_BRAFLDRAFT_123981.1.1|m.9319	47.09	344	169	3	2	332	24	367	5e-88	  290
cds.comp100750_c0_seq1	CHOYP_SMP_051990.5.7|m.43424	35.53	152	93	3	1	147	311	462	8e-26	  105
cds.comp100759_c2_seq1	CHOYP_LOC100216141.1.1|m.32125	64.29	168	60	0	1	168	182	349	2e-77	  241
cds.comp100792_c0_seq1	CHOYP_HX1.1.1|m.23716	54.51	233	106	0	1	233	377	609	7e-83	  263
cds.comp100839_c1_seq1	CHOYP_KPBB.2.2|m.46100	69.68	155	47	0	1	155	259	413	1e-72	  237
cds.comp100841_c0_seq1	CHOYP_BRAFLDRAFT_80394.2.9|m.12720	48.74	119	61	0	1	119	67	185	5e-33	  119
cds.comp100874_c0_seq1	CHOYP_GLT13.2.2|m.10604	62.70	126	41	2	1	120	1	126	1e-49	  168
cds.comp100903_c0_seq1	CHOYP_PLCL2.1.1|m.62311	70.75	253	70	2	9	258	20	271	4e-116	  361
cds.comp100905_c2_seq1	CHOYP_LOC100636340.1.4|m.5143	66.13	124	42	0	2	125	741	864	2e-52	  181
cds.comp100921_c0_seq1	CHOYP_KCNC4.2.5|m.18635	65.81	117	40	0	1	117	378	494	1e-51	  174
cds.comp100926_c0_seq1	CHOYP_KPCD3.1.1|m.10808	66.86	169	47	3	1	161	35	202	1e-73	  241
cds.comp100929_c0_seq1	CHOYP_BRAFLDRAFT_66489.1.1|m.59451	57.32	82	35	0	1	82	215	296	6e-28	  106
cds.comp100934_c0_seq2	CHOYP_contig_010801|m.12476	44.85	272	143	6	12	282	1022	1287	4e-59	  206
cds.comp100949_c0_seq2	CHOYP_LOC100890987.1.1|m.36710	33.82	207	108	3	1	199	686	871	3e-25	  105
cds.comp100966_c2_seq1	CHOYP_BRAFLDRAFT_134943.1.1|m.4731	48.00	175	83	3	1	170	454	625	6e-50	  172
cds.comp101048_c0_seq2	CHOYP_CAL6303_3579.1.1|m.59031	41.82	110	62	1	1	110	164	271	4e-23	92.0
cds.comp101055_c0_seq1	CHOYP_ABCA3.5.6|m.54787	80.39	102	20	0	1	102	1525	1626	1e-52	  180
cds.comp101065_c0_seq1	CHOYP_RHG07.1.1|m.14019	61.26	222	80	4	2	218	1333	1553	1e-92	  299
cds.comp101079_c0_seq1	CHOYP_LOC100344710.1.1|m.66195	60.00	185	58	2	8	185	1	176	1e-66	  215
cds.comp101083_c0_seq1	CHOYP_SULF1.1.1|m.16881	58.56	111	46	0	29	139	715	825	1e-45	  161
cds.comp101091_c0_seq1	CHOYP_LOC100903889.1.1|m.55297	64.88	205	68	1	1	201	44	248	6e-90	  286
cds.comp101105_c0_seq1	CHOYP_TTC28.1.1|m.51607	81.25	128	24	0	1	128	254	381	1e-64	  216
cds.comp101120_c0_seq1	CHOYP_LOC100890987.1.1|m.36710	34.85	132	86	0	13	144	254	385	2e-21	91.7
cds.comp101125_c0_seq1	CHOYP_HD.1.1|m.56119	54.96	262	106	3	1	251	1351	1611	4e-88	  289
cds.comp101127_c0_seq1	CHOYP_BIRC3.4.7|m.42631	34.87	152	85	2	8	158	727	865	1e-23	  102
cds.comp101136_c0_seq1	CHOYP_ZN226.2.2|m.35078	52.00	125	60	0	2	126	532	656	2e-38	  139
cds.comp101146_c0_seq1	CHOYP_PDE4D.1.1|m.50857	65.50	171	48	2	1	171	162	321	1e-74	  233
cds.comp101146_c1_seq1	CHOYP_LOC100874620.1.1|m.23782	77.73	211	41	1	1	211	450	654	3e-109	  332
cds.comp101172_c0_seq1	CHOYP_BRAFLDRAFT_124696.1.3|m.24075	44.90	245	131	3	1	242	568	811	2e-57	  197
cds.comp101173_c0_seq1	CHOYP_GLB1L2.1.1|m.5029	58.67	196	78	1	1	193	131	326	4e-77	  246
cds.comp101192_c0_seq1	CHOYP_NDL1A.1.1|m.10230	75.76	165	40	0	22	186	3	167	1e-68	  215
cds.comp101197_c1_seq1	CHOYP_DGRI_GH17396.1.1|m.62952	79.00	219	46	0	2	220	182	400	9e-129	  374
cds.comp101254_c0_seq2	CHOYP_HS12A.20.33|m.55554	54.35	138	60	3	20	155	46	182	1e-43	  154
cds.comp101271_c2_seq1	CHOYP_LOC100533422.1.1|m.54794	87.18	117	11	1	1	113	280	396	5e-65	  211
cds.comp101287_c0_seq1	CHOYP_ERI1.1.1|m.8148	60.31	131	52	0	1	131	72	202	2e-54	  178
cds.comp101296_c0_seq1	CHOYP_LOC100376733.1.1|m.12140	77.78	216	48	0	1	216	55	270	1e-132	  380
cds.comp101348_c0_seq1	CHOYP_LOC100740873.1.1|m.46472	47.73	132	67	1	1	132	3119	3248	2e-31	  121
cds.comp101354_c0_seq1	CHOYP_LOC100168635.1.1|m.55653	52.07	121	50	5	3	118	1526	1643	6e-30	  116
cds.comp101356_c0_seq1	CHOYP_EXT1A.1.1|m.53760	66.27	507	169	1	1	507	221	725	0.0	  744
cds.comp101375_c0_seq1	CHOYP_LOC100370200.5.5|m.62902	56.05	157	66	3	84	238	155	310	9e-57	  188
cds.comp101400_c1_seq1	CHOYP_LOC100164899.1.1|m.59665	73.39	218	58	0	14	231	5	222	3e-116	  344
cds.comp101422_c1_seq1	CHOYP_FBXW2.1.1|m.7183	43.94	132	72	1	27	156	161	292	6e-30	  118
cds.comp101435_c0_seq1	CHOYP_PCAT2.2.2|m.56644	56.40	172	75	0	1	172	316	487	5e-60	  198
cds.comp101490_c0_seq1	CHOYP_MIB2.2.6|m.23029	46.53	303	151	4	2	302	431	724	2e-90	  295
cds.comp101534_c0_seq1	CHOYP_BRAFLDRAFT_74594.3.3|m.1992	65.22	92	32	0	1	92	637	728	5e-40	  142
cds.comp101540_c0_seq1	CHOYP_SARM1.1.1|m.377	59.86	142	57	0	1	142	417	558	1e-57	  194
cds.comp101623_c0_seq1	CHOYP_LOC100367936.2.2|m.49545	52.03	123	54	2	2	124	74	191	5e-35	  125
cds.comp101645_c0_seq1	CHOYP_UB2G2.1.1|m.7534	92.52	107	8	0	2	108	14	120	5e-72	  216
cds.comp101656_c0_seq1	CHOYP_MUTYH.1.1|m.16534	71.97	157	44	0	9	165	21	177	1e-77	  242
cds.comp101661_c0_seq2	CHOYP_CRE-DIG-1.1.1|m.26794	32.18	202	120	4	3	189	544	743	3e-22	97.4
cds.comp101661_c0_seq3	CHOYP_LOC100699850.1.3|m.3523	51.40	214	104	0	1	214	1021	1234	5e-73	  244
cds.comp101681_c0_seq2	CHOYP_PTSS2.1.1|m.65977	66.90	142	47	0	1	142	286	427	4e-65	  212
cds.comp101721_c0_seq1	CHOYP_ATG2A.1.1|m.57169	40.74	189	99	4	2	185	315	495	1e-35	  135
cds.comp101762_c0_seq2	CHOYP_LOC100119086.1.1|m.55425	39.29	112	67	1	1	111	211	322	6e-21	90.9
cds.comp101777_c0_seq1	CHOYP_PHUM_PHUM577920.1.1|m.5207	77.58	223	49	1	15	236	41	263	1e-131	  376
cds.comp101799_c0_seq1	CHOYP_LOC100372947.1.1|m.16261	66.67	90	29	1	12	101	10	98	7e-32	  119
cds.comp101801_c0_seq1	CHOYP_P2R3C.1.1|m.7759	77.17	254	53	3	1	252	1	251	4e-135	  393
cds.comp101806_c0_seq1	CHOYP_LOC100640509.1.1|m.39602	37.50	120	74	1	2	120	292	411	3e-22	91.7
cds.comp101807_c0_seq1	CHOYP_BRAFLDRAFT_66688.1.2|m.2447	29.44	197	129	4	1	188	1736	1931	3e-21	95.5
cds.comp101817_c0_seq1	CHOYP_BRAFLDRAFT_69647.1.5|m.10272	84.52	155	24	0	1	155	653	807	1e-88	  278
cds.comp101821_c0_seq1	CHOYP_PHUM_PHUM476960.1.1|m.25449	41.87	203	104	4	7	197	236	436	6e-47	  162
cds.comp101822_c0_seq1	CHOYP_LOC100378692.1.1|m.62182	57.76	116	49	0	1	116	230	345	3e-42	  149
cds.comp101841_c0_seq1	CHOYP_LOC661306.1.3|m.11419	61.15	417	158	3	1	414	1	416	1e-177	  541
cds.comp101894_c0_seq1	CHOYP_LOC100869084.1.1|m.54798	49.09	165	62	8	2	165	159	302	8e-26	  107
cds.comp101896_c0_seq1	CHOYP_LOC764890.1.1|m.29296	42.37	118	64	1	2	115	559	676	4e-27	  107
cds.comp101903_c0_seq1	CHOYP_IOD1.1.2|m.35888	47.57	103	54	0	1	103	17	119	4e-31	  109
cds.comp101927_c0_seq1	CHOYP_LOC100908717.1.1|m.45624	85.21	142	18	1	1	139	1	142	9e-78	  251
cds.comp101937_c1_seq1	CHOYP_LOC100372481.1.1|m.21010	61.82	165	52	2	1	165	425	578	2e-57	  194
cds.comp101949_c0_seq2	CHOYP_contig_045205|m.52522	42.54	134	58	3	14	132	29	158	1e-22	90.5
cds.comp101964_c0_seq1	CHOYP_LOC100704608.1.1|m.53781	45.14	319	173	1	2	318	542	860	3e-77	  261
cds.comp101966_c0_seq1	CHOYP_LOC100377435.1.1|m.46017	33.46	263	137	5	1	241	498	744	4e-34	  132
cds.comp101983_c0_seq1	CHOYP_BRAFLDRAFT_116449.1.1|m.36739	46.96	181	77	8	3	173	326	497	3e-39	  145
cds.comp101984_c0_seq1	CHOYP_ISCW_ISCW023722.1.1|m.25472	42.31	208	111	6	9	209	490	695	2e-40	  149
cds.comp101984_c1_seq2	CHOYP_LOC100644321.1.7|m.712	41.21	313	149	9	1	293	425	722	2e-62	  216
cds.comp101998_c0_seq1	CHOYP_RNOY.3.3|m.58342	50.39	127	53	4	17	141	7	125	6e-36	  127
cds.comp102016_c0_seq2	CHOYP_BRAFLDRAFT_76550.4.21|m.38730	53.92	102	47	0	9	110	108	209	2e-33	  118
cds.comp102034_c0_seq1	CHOYP_LOC588285.1.1|m.60566	43.37	196	70	8	1	166	36	220	2e-32	  118
cds.comp102043_c0_seq1	CHOYP_VPS53.1.1|m.51625	80.00	125	25	0	17	141	25	149	1e-64	  213
cds.comp102058_c0_seq1	CHOYP_VP13D.1.3|m.53042	59.47	190	76	1	1	189	1977	2166	4e-70	  236
cds.comp102072_c0_seq2	CHOYP_MAST4.1.1|m.25573	41.67	240	93	8	2	205	1186	1414	7e-35	  133
cds.comp102081_c1_seq1	CHOYP_ZNF236.1.1|m.62715	73.08	104	28	0	2	105	135	238	6e-52	  169
cds.comp102140_c0_seq1	CHOYP_LOC100366344.1.1|m.7458	54.19	155	71	0	4	158	144	298	1e-53	  184
cds.comp10215_c0_seq1	CHOYP_PIKFYVE.1.1|m.24571	72.62	84	23	0	13	96	1806	1889	4e-38	  139
cds.comp102175_c0_seq1	CHOYP_MUL1.1.1|m.34022	35.75	179	115	0	5	183	8	186	7e-33	  122
cds.comp102213_c2_seq1	CHOYP_LOC101175128.1.1|m.13811	36.68	289	165	6	31	308	280	561	8e-54	  191
cds.comp102219_c1_seq1	CHOYP_BRAFLDRAFT_116449.1.1|m.36739	79.41	102	21	0	2	103	773	874	1e-51	  177
cds.comp102245_c0_seq1	CHOYP_LOC100553135.1.1|m.51640	53.75	160	71	3	1	158	80	238	1e-51	  176
cds.comp102255_c0_seq1	CHOYP_BTKL.1.1|m.55271	71.76	131	37	0	4	134	495	625	7e-64	  208
cds.comp102256_c1_seq1	CHOYP_DTX3.3.3|m.64703	56.64	113	48	1	1	113	2341	2452	7e-39	  141
cds.comp102274_c0_seq1	CHOYP_LOC100114247.1.1|m.30717	38.36	146	82	2	1	138	296	441	5e-30	  115
cds.comp102288_c1_seq1	CHOYP_LOC373275.1.7|m.4773	93.64	110	7	0	1	110	26	135	4e-75	  224
cds.comp102288_c2_seq1	CHOYP_TBB.5.7|m.60064	88.79	116	13	0	24	139	1	116	9e-66	  204
cds.comp102288_c2_seq2	CHOYP_LOC373275.2.7|m.14496	88.37	172	20	0	1	172	38	209	1e-105	  306
cds.comp102311_c1_seq1	CHOYP_BRAFLDRAFT_68242.2.3|m.26345	47.56	164	83	3	2	163	159	321	1e-39	  148
cds.comp102313_c0_seq1	CHOYP_MOGT1.1.1|m.37061	55.25	219	95	2	1	217	122	339	6e-78	  241
cds.comp102314_c1_seq1	CHOYP_RSLBB.1.2|m.1608	47.62	126	66	0	1	126	41	166	2e-37	  130
cds.comp102323_c0_seq1	CHOYP_PDXK.1.1|m.14904	68.78	237	73	1	19	255	64	299	7e-115	  337
cds.comp102327_c0_seq1	CHOYP_NEMVEDRAFT_V1G190607.1.1|m.56172	46.46	127	68	0	2	128	387	513	7e-40	  141
cds.comp102328_c0_seq1	CHOYP_GDAP2.1.1|m.57049	60.48	248	97	1	10	256	175	422	3e-105	  318
cds.comp102349_c0_seq1	CHOYP_LOC582715.1.1|m.10237	62.26	106	35	2	1	104	334	436	4e-40	  140
cds.comp102372_c1_seq1	CHOYP_ACH1.1.1|m.58842	45.86	133	72	0	1	133	83	215	3e-38	  136
cds.comp102395_c0_seq1	CHOYP_LOC100892567.6.8|m.42827	45.65	138	72	1	1	135	905	1042	9e-36	  133
cds.comp102409_c0_seq1	CHOYP_BRAFLDRAFT_126447.3.3|m.52976	46.08	102	55	0	2	103	429	530	3e-27	  107
cds.comp102414_c0_seq1	CHOYP_LOC100701406.1.1|m.23796	74.57	173	41	1	1	170	57	229	3e-86	  265
cds.comp102417_c1_seq1	CHOYP_S35F6.1.1|m.28093	63.38	213	74	1	1	209	148	360	2e-90	  275
cds.comp102443_c0_seq1	CHOYP_BRAFLDRAFT_72760.1.1|m.11536	64.75	278	96	2	1	278	490	765	2e-122	  371
cds.comp102449_c0_seq1	CHOYP_LOC100546924.1.2|m.34506	38.20	233	125	6	12	231	7	233	5e-29	  118
cds.comp102464_c0_seq1	CHOYP_BRAFLDRAFT_64593.1.1|m.54376	50.45	444	161	19	1	424	1	405	9e-83	  279
cds.comp102477_c0_seq1	CHOYP_LOC100493088.2.4|m.21589	46.21	132	71	0	6	137	159	290	1e-38	  135
cds.comp102491_c0_seq1	CHOYP_ISCW_ISCW018501.2.2|m.61797	74.80	123	29	1	3	123	177	299	2e-62	  206
cds.comp102500_c0_seq1	CHOYP_SI_CH211-197G15.10.5.7|m.38867	32.78	180	119	1	8	187	274	451	2e-30	  117
cds.comp102518_c1_seq1	CHOYP_LOC100368311.1.2|m.26732	41.03	117	59	4	1	112	496	607	2e-22	94.7
cds.comp102523_c0_seq1	CHOYP_LOC100372168.1.1|m.9274	72.32	224	58	1	1	224	1	220	2e-120	  346
cds.comp102526_c0_seq1	CHOYP_DGRI_GH14972.1.1|m.64210	71.07	159	38	2	1	153	373	529	7e-72	  234
cds.comp102536_c0_seq1	CHOYP_ADCK5.1.2|m.11250	62.79	129	48	0	1	129	319	447	7e-52	  175
cds.comp102553_c0_seq1	CHOYP_DWIL_GK11734.1.1|m.16781	58.68	288	116	2	1	288	213	497	5e-111	  336
cds.comp102560_c0_seq1	CHOYP_BRAFLDRAFT_268910.1.1|m.24966	74.83	286	72	0	1	286	577	862	2e-159	  470
cds.comp102561_c1_seq1	CHOYP_BRAFLDRAFT_75094.1.2|m.24898	63.21	106	38	1	6	110	1355	1460	1e-38	  140
cds.comp102564_c1_seq1	CHOYP_LOC100372922.1.1|m.12888	43.93	239	99	7	22	246	330	547	4e-39	  145
cds.comp102583_c0_seq1	CHOYP_LOC656119.1.1|m.55759	51.17	213	87	3	11	219	870	1069	3e-49	  174
cds.comp102694_c0_seq1	CHOYP_LOC100367312.6.13|m.35168	55.28	161	68	2	118	276	136	294	1e-54	  190
cds.comp102694_c1_seq1	CHOYP_LOC100367312.7.13|m.37565	54.03	124	57	0	219	342	31	154	4e-42	  158
cds.comp102729_c0_seq2	CHOYP_LOC655842.1.1|m.24679	65.85	82	23	2	23	103	9	86	2e-28	  109
cds.comp102745_c0_seq1	CHOYP_LOC582981.1.1|m.63425	79.53	171	35	0	1	171	115	285	4e-81	  246
cds.comp102747_c1_seq1	CHOYP_TET1.1.1|m.9858	46.43	112	57	1	1	112	1046	1154	1e-22	94.0
cds.comp102759_c0_seq1	CHOYP_LOC101242714.1.1|m.66103	48.57	105	50	2	30	133	36	137	3e-25	99.8
cds.comp102779_c0_seq1	CHOYP_CASP2.1.5|m.15170	73.20	153	38	3	1	153	494	643	6e-77	  244
cds.comp102787_c0_seq1	CHOYP_BRAFLDRAFT_120072.1.1|m.3964	58.26	218	85	4	1	214	303	518	2e-86	  273
cds.comp102793_c0_seq1	CHOYP_DPER_GL17438.1.1|m.11680	63.12	141	48	1	3	139	597	737	4e-60	  202
cds.comp102808_c0_seq1	CHOYP_BRAFLDRAFT_80394.5.9|m.36700	63.96	111	38	1	1	109	124	234	7e-43	  148
cds.comp102811_c0_seq1	CHOYP_BRAFLDRAFT_74874.1.9|m.3545	42.93	191	100	5	1	184	797	985	3e-33	  135
cds.comp102812_c0_seq3	CHOYP_LOC100377066.1.2|m.18381	47.74	287	148	1	10	296	16	300	1e-100	  302
cds.comp102821_c1_seq1	CHOYP_VPS54.1.1|m.7451	75.69	144	35	0	1	144	647	790	6e-73	  237
cds.comp102833_c0_seq1	CHOYP_LOC100367035.1.1|m.9457	81.62	136	25	0	1	136	525	660	3e-76	  244
cds.comp102834_c0_seq1	CHOYP_STS.1.1|m.35785	44.92	236	120	5	1	229	342	574	4e-63	  209
cds.comp102853_c0_seq1	CHOYP_MBCDH18.1.1|m.34344	48.09	131	64	3	1	128	6667	6796	1e-28	  112
cds.comp102859_c0_seq1	CHOYP_LOC100708199.3.6|m.23798	70.80	137	36	1	1	133	431	567	3e-63	  211
cds.comp102901_c0_seq1	CHOYP_SPPL2.1.1|m.38023	42.34	111	59	4	10	115	9	119	8e-24	91.7
cds.comp102903_c0_seq1	CHOYP_DOCK1.2.2|m.61345	55.56	189	55	5	1	174	469	643	7e-58	  199
cds.comp102914_c0_seq2	CHOYP_LOC100377600.2.2|m.16039	63.64	253	83	2	1	252	1180	1424	2e-98	  318
cds.comp102917_c0_seq1	CHOYP_BRAFLDRAFT_126881.1.2|m.6483	64.78	230	77	1	2	227	48	277	2e-110	  331
cds.comp102933_c0_seq1	CHOYP_BRAFLDRAFT_69505.4.4|m.58014	36.84	209	132	0	77	285	697	905	1e-37	  144
cds.comp102933_c0_seq2	CHOYP_LOC100893093.1.2|m.19424	62.66	241	90	0	49	289	250	490	3e-99	  305
cds.comp102940_c1_seq1	CHOYP_LOC100877749.1.1|m.65236	70.49	122	36	0	1	122	267	388	5e-59	  198
cds.comp102991_c1_seq1	CHOYP_LOC100169530.1.1|m.51833	45.39	141	76	1	1	140	413	553	5e-36	  131
cds.comp103007_c0_seq1	CHOYP_LMBL3.1.1|m.14251	54.71	329	120	6	2	304	1134	1459	1e-114	  364
cds.comp103010_c0_seq1	CHOYP_LOC100892454.1.1|m.24759	48.85	217	90	3	1	197	229	444	7e-62	  205
cds.comp103103_c0_seq1	CHOYP_FIBB.1.3|m.43343	47.32	112	57	2	1	111	121	231	1e-24	97.1
cds.comp103222_c0_seq2	CHOYP_LOC100865286.1.1|m.17958	95.31	192	9	0	1	192	783	974	8e-130	  392
cds.comp103225_c0_seq1	CHOYP_LOC101159151.1.1|m.54008	52.42	124	48	5	12	127	373	493	3e-32	  122
cds.comp103246_c2_seq1	CHOYP_MKLN1.1.1|m.34670	70.73	164	47	1	1	164	336	498	4e-79	  253
cds.comp103276_c0_seq1	CHOYP_LOC591895.1.1|m.36295	61.35	163	63	0	1	163	209	371	7e-69	  219
cds.comp103276_c1_seq1	CHOYP_LOC100367908.2.2|m.55212	43.97	116	64	1	1	115	234	349	3e-27	  105
cds.comp103283_c0_seq1	CHOYP_LOC100375441.1.1|m.10519	34.63	205	128	4	1	204	261	460	2e-34	  130
cds.comp103285_c1_seq1	CHOYP_VGFR1.1.1|m.61201	73.08	156	40	1	2	157	1074	1227	3e-73	  241
cds.comp103293_c0_seq2	CHOYP_ISCW_ISCW019991.2.5|m.18105	79.01	443	86	3	1	442	45	481	0.0	  704
cds.comp103298_c0_seq2	CHOYP_SMP_135520.1.2|m.38817	68.45	206	63	1	43	246	8	213	9e-102	  310
cds.comp103305_c0_seq1	CHOYP_LOC100372365.2.2|m.52024	56.74	215	92	1	5	219	24	237	2e-73	  226
cds.comp103336_c0_seq3	CHOYP_KPC1.2.2|m.37402	50.54	93	34	2	17	107	198	280	8e-27	  105
cds.comp103336_c0_seq4	CHOYP_LOC100370583.1.1|m.56859	71.20	250	57	3	1	239	2	247	5e-119	  358
cds.comp103384_c0_seq2	CHOYP_BRAFLDRAFT_126447.3.3|m.52976	34.54	527	280	16	1	511	14	491	2e-86	  283
cds.comp103384_c1_seq1	CHOYP_TRIADDRAFT_57945.1.3|m.9119	43.62	188	102	2	1	188	381	564	3e-50	  173
cds.comp103390_c1_seq1	CHOYP_LOC580207.1.1|m.49071	66.48	182	60	1	1	182	97	277	5e-86	  261
cds.comp103399_c1_seq1	CHOYP_DICER.3.3|m.33335	39.67	184	79	5	9	172	301	472	3e-33	  125
cds.comp103469_c1_seq2	CHOYP_TSN33.1.3|m.4158	54.93	142	62	2	1	142	153	292	8e-41	  141
cds.comp103470_c0_seq2	CHOYP_LOC100553663.1.1|m.58460	62.50	104	39	0	1	104	442	545	4e-41	  146
cds.comp103474_c0_seq2	CHOYP_LOC752784.1.2|m.45560	46.43	168	88	2	1	166	43	210	9e-52	  172
cds.comp103487_c1_seq1	CHOYP_TM164.1.1|m.8397	52.25	111	51	1	1	111	17	125	1e-30	  113
cds.comp103523_c0_seq1	CHOYP_BRAFLDRAFT_203655.2.2|m.20185	58.40	238	94	2	12	246	139	374	3e-85	  267
cds.comp103523_c0_seq2	CHOYP_BRAFLDRAFT_203655.2.2|m.20185	59.48	348	132	5	26	367	30	374	1e-124	  374
cds.comp103525_c2_seq1	CHOYP_PHTF2.1.1|m.10109	84.03	119	19	0	1	119	765	883	6e-66	  216
cds.comp103537_c1_seq1	CHOYP_TTC28.1.1|m.51607	71.61	155	33	4	1	153	1932	2077	4e-45	  162
cds.comp103553_c4_seq1	CHOYP_LOC100897243.1.1|m.14190	49.34	152	64	4	3	152	2092	2232	4e-32	  125
cds.comp103578_c0_seq2	CHOYP_BRAFLDRAFT_125780.1.1|m.60450	73.41	361	76	2	1	341	160	520	0.0	  542
cds.comp103602_c0_seq1	CHOYP_LOC100635066.1.1|m.45465	41.40	157	92	0	1	157	143	299	2e-29	  111
cds.comp103609_c1_seq1	CHOYP_NEMVEDRAFT_V1G247129.1.3|m.24230	48.09	235	109	4	23	255	35	258	1e-69	  230
cds.comp103610_c0_seq1	CHOYP_LOC100371845.3.3|m.62472	68.78	221	67	1	1	221	460	678	4e-104	  323
cds.comp103615_c0_seq2	CHOYP_SMC2.1.4|m.17837	58.90	146	57	2	6	148	275	420	6e-53	  179
cds.comp103646_c0_seq1	CHOYP_LOC100636340.3.4|m.44279	51.52	99	48	0	10	108	1724	1822	2e-31	  120
cds.comp103775_c0_seq2	CHOYP_TOR2A.1.1|m.18300	34.33	335	180	7	52	383	134	431	9e-53	  184
cds.comp103798_c0_seq1	CHOYP_LOC100533316.2.2|m.47773	40.70	199	115	2	2	200	232	427	7e-46	  160
cds.comp103802_c1_seq1	CHOYP_MBCDH18.1.1|m.34344	46.67	120	62	1	3	122	5071	5188	2e-25	  103
cds.comp103815_c0_seq1	CHOYP_LOC579391.1.1|m.6413	70.27	148	44	0	1	148	749	896	2e-70	  231
cds.comp103843_c0_seq1	CHOYP_MATN1.3.5|m.46206	62.18	119	45	0	1	119	499	617	2e-47	  166
cds.comp103882_c0_seq2	CHOYP_SPAG7.1.1|m.66661	48.31	118	55	2	4	120	125	237	3e-28	  107
cds.comp103927_c0_seq1	CHOYP_LOC100165500.1.1|m.24129	63.27	245	89	1	4	248	810	1053	2e-104	  336
cds.comp103947_c0_seq1	CHOYP_LOC100367312.13.13|m.64892	42.48	113	64	1	5	116	656	768	2e-26	  105
cds.comp104012_c2_seq1	CHOYP_M3K7.3.4|m.18722	40.93	215	102	3	2	213	458	650	2e-44	  159
cds.comp104030_c0_seq1	CHOYP_PXDN.1.5|m.11038	51.89	264	110	4	1	253	1098	1355	2e-87	  285
cds.comp104037_c0_seq1	CHOYP_SNX29.1.1|m.59905	54.95	111	48	2	1	110	675	784	3e-27	  107
cds.comp104060_c0_seq1	CHOYP_LOC100375888.1.1|m.18951	42.51	167	86	2	4	163	1	164	2e-34	  130
cds.comp104153_c1_seq1	CHOYP_LOC100632169.5.6|m.55699	43.02	179	101	1	2	179	2337	2515	5e-48	  171
cds.comp104174_c0_seq1	CHOYP_PLIM_3654.1.1|m.18323	58.27	139	57	1	1	138	7	145	5e-48	  157
cds.comp104235_c0_seq1	CHOYP_LOC100372348.1.1|m.15165	52.44	164	68	4	61	216	136	297	7e-43	  151
cds.comp104255_c0_seq2	CHOYP_PHUM_PHUM378040.1.1|m.15341	69.88	322	92	2	8	328	16	333	1e-150	  449
cds.comp104258_c0_seq1	CHOYP_PLCD1.1.1|m.63908	59.18	98	40	0	1	98	62	159	8e-37	  133
cds.comp104281_c0_seq1	CHOYP_FIG4.1.2|m.64881	77.05	122	28	0	1	122	446	567	5e-62	  204
cds.comp104309_c0_seq1	CHOYP_NEUL4.1.2|m.15391	77.70	148	33	0	1	148	18	165	7e-81	  248
cds.comp104309_c1_seq3	CHOYP_BLUE.1.1|m.23136	75.36	138	34	0	1	138	107	244	4e-68	  213
cds.comp104345_c1_seq1	CHOYP_BRAFLDRAFT_58490.1.1|m.51919	55.14	107	48	0	1	107	1	107	8e-38	  128
cds.comp104401_c0_seq1	CHOYP_LOC581215.1.1|m.66106	41.83	208	117	2	1	205	191	397	2e-54	  186
cds.comp104407_c1_seq1	CHOYP_BRAFLDRAFT_80748.1.1|m.18845	38.78	98	60	0	2	99	198	295	3e-22	89.7
cds.comp104447_c0_seq1	CHOYP_AGAP_AGAP006590.1.1|m.42108	69.02	184	53	1	1	184	1482	1661	1e-85	  278
cds.comp104494_c1_seq1	CHOYP_LOC100709948.1.1|m.9245	68.42	114	33	1	1	114	352	462	1e-50	  176
cds.comp104555_c1_seq1	CHOYP_MYS.1.7|m.435	59.13	208	80	2	1	208	89	291	3e-94	  281
cds.comp104592_c2_seq1	CHOYP_UBE4A.2.2|m.59113	60.00	130	51	1	4	133	470	598	2e-48	  168
cds.comp104602_c0_seq2	CHOYP_LOC100878100.1.1|m.6666	62.43	173	62	1	62	231	851	1023	1e-75	  249
cds.comp104622_c0_seq1	CHOYP_LOC100645183.1.1|m.53488	62.39	109	41	0	1	109	26	134	9e-43	  152
cds.comp104632_c0_seq1	CHOYP_ISCW_ISCW004725.1.1|m.9722	77.37	137	31	0	1	137	2	138	1e-77	  231
cds.comp104634_c0_seq1	CHOYP_LONRF1.1.1|m.61768	56.21	169	72	1	1	167	590	758	4e-61	  204
cds.comp104635_c0_seq1	CHOYP_SMP_158990.1.1|m.28205	87.60	129	16	0	1	129	1	129	2e-79	  236
cds.comp104661_c0_seq1	CHOYP_HTR5B.1.1|m.39330	48.92	186	95	0	6	191	1657	1842	2e-57	  198
cds.comp104663_c0_seq1	CHOYP_SYTL4.1.1|m.6162	48.72	117	54	3	1	114	54	167	2e-33	  126
cds.comp104675_c0_seq1	CHOYP_LOC100705526.1.1|m.62742	49.56	113	55	1	1	111	14	126	3e-34	  118
cds.comp104681_c0_seq1	CHOYP_LOC578478.1.1|m.38980	48.26	172	85	2	13	184	661	828	1e-44	  159
cds.comp104708_c0_seq1	CHOYP_NUDT8.1.1|m.8711	53.61	166	71	3	1	160	93	258	5e-54	  175
cds.comp104710_c1_seq1	CHOYP_STOX1.1.1|m.18778	64.86	111	39	0	1	111	72	182	3e-47	  164
cds.comp104719_c1_seq1	CHOYP_KLH24.2.6|m.24950	42.65	476	261	6	1	467	139	611	3e-133	  402
cds.comp104720_c0_seq1	CHOYP_BRAFLDRAFT_244533.2.2|m.53951	44.91	167	92	0	4	170	206	372	2e-40	  144
cds.comp104743_c0_seq1	CHOYP_RXR.1.2|m.45986	49.54	109	55	0	1	109	1015	1123	2e-28	  111
cds.comp104761_c0_seq1	CHOYP_LOC100376942.1.1|m.36235	79.74	153	31	0	11	163	76	228	2e-87	  274
cds.comp104770_c0_seq1	CHOYP_DIA1.1.1|m.57066	56.25	224	93	2	1	224	223	441	7e-77	  243
cds.comp104789_c1_seq1	CHOYP_LOC659713.1.1|m.21648	40.80	125	73	1	2	125	2145	2269	4e-21	91.3
cds.comp104793_c0_seq1	CHOYP_LOC100378967.1.1|m.62298	54.10	183	76	2	1	183	348	522	4e-58	  196
cds.comp104841_c0_seq1	CHOYP_CRY1.2.2|m.48172	79.31	116	24	0	8	123	3	118	9e-65	  209
cds.comp104865_c0_seq1	CHOYP_ATG2A.1.1|m.57169	64.21	190	62	3	1	184	1801	1990	1e-74	  247
cds.comp104868_c0_seq1	CHOYP_CAPN5.1.1|m.463	67.02	191	62	1	2	192	196	385	3e-91	  283
cds.comp104890_c0_seq1	CHOYP_CC132.1.1|m.34774	76.24	101	24	0	1	101	242	342	8e-50	  171
cds.comp104902_c0_seq2	CHOYP_DNAH5.1.2|m.56799	77.50	200	45	0	1	200	578	777	1e-105	  338
cds.comp104909_c0_seq1	CHOYP_DPY19L3.1.1|m.7532	56.57	198	71	4	2	188	27	220	3e-64	  213
cds.comp104932_c0_seq1	CHOYP_BRAFLDRAFT_285620.6.6|m.66666	42.64	129	71	2	1	128	37	163	2e-26	99.8
cds.comp104940_c0_seq1	CHOYP_BRAFLDRAFT_121942.2.2|m.54709	47.41	116	59	2	1	115	212	326	3e-26	  101
cds.comp104953_c0_seq1	CHOYP_LOC100368744.1.1|m.7781	61.29	124	48	0	1	124	9	132	7e-43	  152
cds.comp104973_c3_seq1	CHOYP_PHUM_PHUM536560.2.2|m.59368	61.70	235	82	7	1	228	36	269	4e-93	  278
cds.comp105017_c0_seq1	CHOYP_BRAFLDRAFT_207414.1.2|m.17449	65.00	200	69	1	2	200	414	613	3e-88	  277
cds.comp105041_c0_seq1	CHOYP_RN213.10.13|m.56907	65.69	102	35	0	1	102	1325	1426	2e-41	  148
cds.comp105101_c0_seq2	CHOYP_LOC100351251.1.1|m.9163	66.67	114	38	0	2	115	83	196	1e-50	  168
cds.comp105173_c0_seq1	CHOYP_ARHG7.1.5|m.1641	57.64	288	82	7	1	259	243	519	5e-99	  307
cds.comp105206_c0_seq1	CHOYP_LOC100377829.2.2|m.13867	58.02	162	62	2	1	158	141	300	2e-60	  194
cds.comp105239_c0_seq1	CHOYP_LOC100712443.1.1|m.47291	50.00	160	79	1	1	160	237	395	1e-48	  167
cds.comp105247_c0_seq2	CHOYP_BRAFLDRAFT_125533.1.1|m.56706	81.27	315	52	2	1	315	31	338	0.0	  523
cds.comp105250_c0_seq1	CHOYP_LOC100708460.1.1|m.43658	48.53	204	101	3	1	202	58	259	8e-59	  194
cds.comp105255_c0_seq1	CHOYP_LOC100374358.1.1|m.59032	71.03	252	66	3	1	252	161	405	2e-125	  375
cds.comp105262_c0_seq1	CHOYP_LACH.1.1|m.62529	37.58	149	88	2	23	166	32	180	6e-23	94.4
cds.comp105287_c0_seq1	CHOYP_KLC.2.3|m.40314	82.83	99	17	0	1	99	78	176	6e-47	  160
cds.comp105335_c0_seq1	CHOYP_contig_006588|m.7499	50.00	122	61	0	16	137	427	548	3e-41	  149
cds.comp105350_c0_seq1	CHOYP_BRAFLDRAFT_87429.1.1|m.43808	55.08	236	100	2	1	235	866	1096	9e-86	  278
cds.comp105391_c0_seq1	CHOYP_LOC100212224.1.1|m.37724	57.43	101	42	1	1	101	108	207	4e-34	  119
cds.comp105433_c0_seq2	CHOYP_LOC100372698.1.1|m.18674	38.06	134	70	1	1	121	62	195	7e-22	93.6
cds.comp105446_c0_seq2	CHOYP_M3K1.1.1|m.7202	65.10	149	38	4	23	157	270	418	8e-59	  195
cds.comp105483_c1_seq1	CHOYP_LOC100372388.1.1|m.26623	61.82	110	38	2	1	106	219	328	3e-40	  144
cds.comp105489_c0_seq2	CHOYP_PHUM_PHUM490910.1.1|m.28254	72.22	126	35	0	1	126	264	389	2e-62	  200
cds.comp105494_c0_seq1	CHOYP_LOC100367192.1.2|m.52294	70.59	170	50	0	1	170	436	605	2e-86	  270
cds.comp105494_c1_seq1	CHOYP_LOC100367192.2.2|m.54855	36.72	177	111	1	10	185	264	440	3e-33	  125
cds.comp105600_c0_seq1	CHOYP_LOC100863461.1.1|m.36477	43.64	110	55	3	3	112	156	258	4e-21	89.4
cds.comp105631_c0_seq1	CHOYP_TRPM3.3.7|m.16169	60.00	165	63	2	31	193	318	481	2e-63	  215
cds.comp105631_c0_seq2	CHOYP_TRPM3.6.7|m.57064	46.19	197	90	7	49	240	45	230	1e-44	  163
cds.comp105634_c0_seq1	CHOYP_LOC100712443.1.1|m.47291	42.47	146	83	1	4	149	287	431	2e-32	  122
cds.comp105649_c0_seq1	CHOYP_LOC100893093.1.2|m.19424	53.08	130	60	1	1	130	47	175	2e-33	  123
cds.comp105682_c1_seq3	CHOYP_CA2D2.2.2|m.48968	42.31	208	106	8	9	214	855	1050	2e-45	  163
cds.comp105695_c0_seq1	CHOYP_CUL2.1.1|m.59278	73.28	116	31	0	2	117	48	163	8e-57	  189
cds.comp105705_c1_seq1	CHOYP_LOC100371983.2.3|m.48879	62.12	198	74	1	3	200	46	242	5e-83	  253
cds.comp105771_c1_seq1	CHOYP_UVSSA.1.1|m.8883	58.18	110	46	0	1	110	29	138	5e-43	  151
cds.comp105775_c1_seq1	CHOYP_PIAS2.1.1|m.11880	42.11	95	54	1	2	96	315	408	4e-23	94.7
cds.comp105779_c2_seq1	CHOYP_LOC100378790.1.1|m.43744	81.99	272	42	3	34	302	7	274	3e-160	  457
cds.comp105782_c0_seq1	CHOYP_LOC100865286.1.1|m.17958	56.30	119	50	2	26	142	543	661	3e-35	  132
cds.comp105799_c0_seq1	CHOYP_TPPC8.1.1|m.6302	43.45	145	78	2	1	142	1318	1461	2e-30	  118
cds.comp105812_c1_seq1	CHOYP_FUZZY.1.1|m.14293	54.27	164	74	1	1	163	247	410	8e-62	  199
cds.comp105824_c0_seq1	CHOYP_LOC100377663.1.1|m.51028	66.21	145	49	0	1	145	23	167	1e-73	  223
cds.comp105827_c0_seq1	CHOYP_BRAFLDRAFT_126480.1.1|m.31307	51.35	111	53	1	14	123	223	333	5e-32	  120
cds.comp105829_c0_seq1	CHOYP_LOC101156767.1.1|m.65605	43.78	249	139	1	3	251	55	302	3e-70	  237
cds.comp105856_c0_seq1	CHOYP_LOC100717261.1.1|m.51839	46.11	180	95	1	12	191	15	192	2e-53	  176
cds.comp105858_c0_seq1	CHOYP_BRAFLDRAFT_118535.5.8|m.53809	27.53	454	277	14	18	455	3842	4259	4e-28	  119
cds.comp105871_c2_seq1	CHOYP_FAT3.1.3|m.22531	44.97	149	79	3	1	147	264	411	1e-32	  123
cds.comp105872_c0_seq1	CHOYP_PLHD1.1.1|m.23740	46.21	277	139	5	1	269	1	275	5e-77	  247
cds.comp105873_c1_seq1	CHOYP_HB.1.1|m.8391	77.04	135	27	4	1	135	373	503	2e-52	  182
cds.comp105894_c0_seq1	CHOYP_LOC100071503.1.1|m.1843	56.56	122	30	1	20	141	139	237	5e-38	  135
cds.comp105903_c1_seq1	CHOYP_BRAFLDRAFT_240123.5.6|m.44697	50.41	121	59	1	3	122	203	323	2e-32	  120
cds.comp105903_c3_seq1	CHOYP_HSPA12A.16.27|m.48207	36.86	236	141	4	2	232	336	568	2e-44	  159
cds.comp105905_c0_seq1	CHOYP_LOC657755.1.1|m.501	49.51	103	49	2	9	111	694	793	2e-26	  105
cds.comp105912_c0_seq1	CHOYP_PTP.1.1|m.7249	54.61	152	66	2	4	155	969	1117	3e-43	  156
cds.comp105918_c0_seq1	CHOYP_LOC763794.1.1|m.14815	37.17	339	174	6	1	336	13	315	4e-72	  231
cds.comp105922_c0_seq1	CHOYP_ACDOPBH.9.9|m.63296	53.62	138	59	2	7	144	21	153	1e-41	  147
cds.comp105928_c1_seq1	CHOYP_BRAFLDRAFT_66688.2.2|m.10883	46.96	247	116	6	1	241	1605	1842	8e-60	  207
cds.comp105956_c1_seq1	CHOYP_SUH.1.1|m.28586	83.75	240	38	1	1	240	373	611	2e-149	  435
cds.comp105957_c0_seq1	CHOYP_LOC594379.1.1|m.55370	57.02	114	45	1	3	116	1423	1532	2e-30	  119
cds.comp105985_c0_seq1	CHOYP_LOC100496475.2.16|m.4843	40.17	117	62	3	6	115	407	522	8e-21	88.6
cds.comp106002_c0_seq1	CHOYP_LOC100377268.1.1|m.40786	57.32	157	67	0	31	187	18	174	6e-64	  202
cds.comp106014_c0_seq1	CHOYP_ATP8B2.1.3|m.25610	54.81	104	47	0	1	104	83	186	4e-36	  132
cds.comp106014_c1_seq1	CHOYP_AT8A1.2.2|m.40652	76.07	117	28	0	1	117	240	356	4e-57	  192
cds.comp106033_c0_seq1	CHOYP_SMP_147320.1.1|m.27463	51.25	160	76	1	1	158	158	317	5e-52	  172
cds.comp106038_c0_seq1	CHOYP_TT39C.1.1|m.6317	67.88	193	62	0	1	193	380	572	1e-93	  288
cds.comp106039_c0_seq1	CHOYP_contig_033015|m.37725	33.14	172	110	2	29	200	73	239	8e-25	  100
cds.comp106044_c1_seq1	CHOYP_LOC100743792.1.1|m.45867	32.81	192	103	2	1	167	472	662	1e-29	  116
cds.comp106044_c1_seq2	CHOYP_LOC578478.1.1|m.38980	59.65	171	59	2	2	162	478	648	5e-67	  220
cds.comp106056_c0_seq1	CHOYP_PKHH2.1.1|m.7156	35.13	279	125	13	1	273	389	617	4e-24	  104
cds.comp106058_c0_seq1	CHOYP_LOC100708199.2.6|m.14407	46.09	115	61	1	7	120	1106	1220	2e-26	  105
cds.comp106074_c1_seq1	CHOYP_PTPN4.1.1|m.15920	72.32	177	46	2	1	175	644	819	9e-82	  263
cds.comp106090_c0_seq1	CHOYP_LOC100373672.2.2|m.23045	50.39	129	64	0	1	129	360	488	9e-30	  113
cds.comp106092_c0_seq1	CHOYP_ZDHHC17.1.1|m.29726	50.89	112	40	3	2	113	505	601	7e-28	  108
cds.comp106100_c0_seq1	CHOYP_LOC101160363.1.1|m.194	59.05	105	43	0	1	105	271	375	2e-37	  132
cds.comp106121_c0_seq1	CHOYP_LOC100376736.1.1|m.29094	53.69	203	70	4	1	200	114	295	1e-62	  201
cds.comp106131_c0_seq1	CHOYP_HX1.1.1|m.23716	61.81	144	55	0	3	146	463	606	5e-59	  196
cds.comp106139_c0_seq1	CHOYP_DPSE_GA17689.1.1|m.4920	60.32	189	74	1	1	188	97	285	1e-82	  250
cds.comp106150_c1_seq1	CHOYP_LOC100370974.1.1|m.4153	43.14	153	86	1	1	152	62	214	6e-36	  130
cds.comp106156_c1_seq1	CHOYP_EGLN1.1.1|m.65426	65.32	124	43	0	1	124	295	418	3e-57	  187
cds.comp106157_c0_seq1	CHOYP_MAN2A1.1.1|m.49575	38.37	172	95	4	1	167	49	214	2e-23	99.0
cds.comp106171_c0_seq1	CHOYP_HLTF.1.1|m.6493	65.42	107	37	0	60	166	108	214	5e-42	  152
cds.comp106190_c0_seq1	CHOYP_LOC101078430.1.1|m.45131	53.95	228	94	6	55	282	22	238	2e-72	  241
cds.comp106193_c0_seq1	CHOYP_REV3L.1.1|m.353	77.05	122	28	0	1	122	34	155	1e-63	  213
cds.comp106196_c0_seq2	CHOYP_contig_024154|m.27435	40.38	213	102	9	1	204	342	538	7e-26	  107
cds.comp106225_c0_seq1	CHOYP_LOC576983.1.1|m.8601	47.54	183	95	1	1	183	364	545	1e-47	  169
cds.comp106227_c1_seq2	CHOYP_ST5.1.1|m.54184	35.51	321	135	13	9	309	417	685	5e-41	  154
cds.comp106245_c0_seq1	CHOYP_PKHH2.1.1|m.7156	68.69	297	92	1	1	297	978	1273	1e-139	  432
cds.comp106253_c0_seq2	CHOYP_LOC100716750.1.1|m.16732	62.65	166	59	1	2	167	212	374	2e-67	  218
cds.comp106263_c0_seq2	CHOYP_GRDN.4.5|m.59842	55.70	298	113	2	5	288	808	1100	1e-93	  306
cds.comp106267_c1_seq1	CHOYP_VKR.1.1|m.56628	58.40	125	50	1	1	125	472	594	3e-46	  162
cds.comp106286_c0_seq1	CHOYP_ACOX1.2.3|m.6937	52.31	281	132	1	11	289	25	305	2e-104	  323
cds.comp106312_c0_seq1	CHOYP_HPSE.1.1|m.51248	43.41	129	67	2	37	159	102	230	2e-28	  110
cds.comp106318_c0_seq1	CHOYP_MDN1.2.8|m.1779	63.49	63	23	0	2	64	248	310	4e-21	88.6
cds.comp106318_c1_seq1	CHOYP_MDN1.1.8|m.1490	72.26	310	83	2	1	307	80	389	3e-165	  474
cds.comp106329_c1_seq1	CHOYP_BRAFLDRAFT_126447.3.3|m.52976	42.86	231	118	4	1	230	186	403	5e-52	  181
cds.comp106336_c0_seq1	CHOYP_GCC2.1.1|m.17251	61.68	167	54	3	4	162	1971	2135	6e-52	  181
cds.comp106352_c0_seq2	CHOYP_MP2K7.1.2|m.1886	84.28	159	25	0	1	159	221	379	1e-94	  284
cds.comp106358_c0_seq1	CHOYP_EFR3B.1.1|m.50325	71.26	174	43	1	1	167	119	292	6e-86	  271
cds.comp106361_c2_seq1	CHOYP_CLCN3.1.1|m.21245	75.71	140	34	0	1	140	183	322	8e-73	  236
cds.comp106368_c0_seq1	CHOYP_contig_006588|m.7499	52.85	123	58	0	14	136	491	613	5e-42	  150
cds.comp106369_c0_seq2	CHOYP_LOC100553135.1.1|m.51640	57.04	135	57	1	2	135	329	463	5e-50	  170
cds.comp106375_c1_seq1	CHOYP_LAMA2.1.1|m.10439	36.81	182	99	5	1	173	2543	2717	9e-25	  103
cds.comp106394_c1_seq3	CHOYP_LOC100184254.1.1|m.11787	62.38	101	26	2	9	98	15	114	8e-36	  131
cds.comp106403_c0_seq2	CHOYP_LOC101067536.1.1|m.63102	50.34	294	111	4	1	288	1	265	1e-91	  289
cds.comp106414_c1_seq2	CHOYP_ABHD2.2.2|m.32276	55.36	224	75	7	1	213	429	638	3e-68	  223
cds.comp106434_c1_seq1	CHOYP_LOC663249.1.1|m.25441	46.76	139	68	2	1	139	241	373	6e-35	  127
cds.comp106435_c1_seq1	CHOYP_AGAP_AGAP004499.1.1|m.13546	69.57	115	35	0	1	115	335	449	3e-54	  181
cds.comp106437_c3_seq1	CHOYP_TRIADDRAFT_61237.1.1|m.51829	37.68	138	77	3	1	133	287	420	4e-23	94.4
cds.comp106439_c1_seq1	CHOYP_LOC100561975.1.1|m.51262	37.43	187	99	3	23	208	6	175	2e-34	  129
cds.comp106446_c0_seq1	CHOYP_LOC100897243.1.1|m.14190	61.96	510	187	6	4	508	307	814	0.0	  630
cds.comp106476_c0_seq1	CHOYP_BRAFLDRAFT_104811.1.1|m.57588	48.87	133	68	0	2	134	40	172	9e-45	  158
cds.comp106478_c0_seq1	CHOYP_MED8B.1.1|m.7003	80.38	158	27	3	2	155	1	158	1e-84	  257
cds.comp106493_c0_seq1	CHOYP_BRAFLDRAFT_84319.1.1|m.57334	62.20	82	30	1	1	81	288	369	2e-30	  112
cds.comp106500_c0_seq1	CHOYP_BRAFLDRAFT_130806.1.2|m.40021	71.93	57	16	0	1	57	54	110	2e-25	99.0
cds.comp106509_c0_seq1	CHOYP_SMAD6.1.1|m.45333	54.79	376	149	7	5	375	1	360	8e-136	  396
cds.comp106528_c0_seq1	CHOYP_LOC659964.1.1|m.25995	70.29	138	41	0	7	144	2	139	1e-62	  192
cds.comp106543_c0_seq1	CHOYP_NBEL1.1.1|m.33217	75.82	153	37	0	4	156	235	387	2e-67	  226
cds.comp106568_c2_seq1	CHOYP_LOC100372696.1.2|m.15931	71.54	123	34	1	1	122	308	430	8e-56	  184
cds.comp106571_c1_seq1	CHOYP_PHUM_PHUM512710.1.2|m.56673	39.73	146	87	1	3	147	777	922	2e-27	  109
cds.comp106614_c0_seq1	CHOYP_BRAFLDRAFT_125658.1.1|m.27104	65.20	204	70	1	2	204	264	467	1e-86	  273
cds.comp106632_c0_seq1	CHOYP_LOC100368659.1.2|m.15836	69.59	148	41	3	1	147	1	145	3e-61	  204
cds.comp106639_c1_seq1	CHOYP_VPS45.1.1|m.8023	74.07	243	63	0	1	243	315	557	2e-129	  382
cds.comp106646_c0_seq1	CHOYP_GDS1B.1.1|m.52257	49.74	193	94	2	3	193	18	209	8e-55	  186
cds.comp106658_c1_seq1	CHOYP_LOC585374.1.1|m.12728	76.98	139	29	1	24	162	28	163	5e-73	  224
cds.comp106667_c1_seq1	CHOYP_LOC100204479.1.1|m.1221	36.46	181	101	5	1	173	99	273	1e-22	94.4
cds.comp106702_c1_seq1	CHOYP_BRAFLDRAFT_126277.2.2|m.55457	30.81	185	116	2	3	185	888	1062	2e-21	93.6
cds.comp106705_c0_seq1	CHOYP_HS12A.31.33|m.63368	43.84	203	101	3	1	190	192	394	9e-50	  172
cds.comp106706_c0_seq1	CHOYP_UN45B.1.1|m.19072	55.47	137	61	0	1	137	559	695	2e-46	  162
cds.comp106727_c0_seq1	CHOYP_PLD1.1.1|m.57889	66.67	138	46	0	2	139	1060	1197	2e-57	  195
cds.comp106737_c2_seq2	CHOYP_DYHC.1.3|m.10664	73.95	380	95	1	2	377	92	471	0.0	  595
cds.comp106769_c0_seq1	CHOYP_LOC101167938.1.1|m.27316	48.98	98	38	3	187	284	150	235	1e-24	  103
cds.comp106796_c0_seq1	CHOYP_INO80D.1.1|m.10172	67.57	148	48	0	1	148	695	842	6e-53	  182
cds.comp106815_c0_seq2	CHOYP_DAO.1.1|m.5156	31.36	169	113	2	11	179	6	171	3e-27	  107
cds.comp106836_c0_seq1	CHOYP_OGFD2.1.1|m.35834	61.59	138	47	3	1	135	75	209	3e-57	  181
cds.comp106838_c0_seq1	CHOYP_LOC100375266.1.1|m.6535	63.17	334	119	2	4	333	63	396	3e-133	  403
cds.comp106868_c1_seq2	CHOYP_DHI1L.1.1|m.28132	55.38	186	83	0	1	186	107	292	2e-78	  239
cds.comp106901_c0_seq1	CHOYP_LOC100892150.1.1|m.10319	44.35	124	66	2	11	134	685	805	1e-27	  110
cds.comp106916_c0_seq1	CHOYP_LOC100747565.2.2|m.56954	75.93	270	65	0	1	270	88	357	3e-154	  452
cds.comp106928_c0_seq1	CHOYP_GZF1.2.2|m.33308	59.40	133	54	0	1	133	474	606	2e-58	  194
cds.comp106947_c0_seq1	CHOYP_APC1.3.3|m.35283	57.85	121	51	0	6	126	578	698	9e-44	  156
cds.comp106948_c1_seq1	CHOYP_BRAFLDRAFT_80496.1.10|m.12618	35.37	164	88	3	4	159	2311	2464	1e-24	  102
cds.comp106950_c0_seq2	CHOYP_LOC100668913.1.1|m.6819	51.40	107	51	1	1	106	1	107	2e-32	  113
cds.comp106960_c0_seq1	CHOYP_LOC100162005.1.1|m.42983	59.87	152	54	3	1	145	10	161	3e-56	  184
cds.comp106991_c0_seq1	CHOYP_MBCDH18.1.1|m.34344	56.31	103	42	1	1	103	7836	7935	4e-28	  110
cds.comp106996_c1_seq1	CHOYP_DHTK1.1.1|m.8426	64.20	176	63	0	1	176	341	516	2e-69	  227
cds.comp107001_c0_seq1	CHOYP_LONM.1.1|m.7031	45.19	135	57	3	10	143	109	227	3e-32	  123
cds.comp107001_c1_seq1	CHOYP_LONM.1.1|m.7031	44.56	193	86	6	1	181	223	406	1e-33	  128
cds.comp107007_c0_seq1	CHOYP_SULF1.1.1|m.16881	73.68	133	35	0	1	133	257	389	5e-63	  209
cds.comp107017_c0_seq1	CHOYP_TBK1.5.5|m.67030	49.17	120	59	1	10	127	16	135	2e-35	  122
cds.comp107017_c1_seq1	CHOYP_TBK1.4.5|m.40692	59.79	194	76	2	1	194	134	325	2e-74	  243
cds.comp107021_c0_seq1	CHOYP_WDR37.1.1|m.57561	74.78	115	29	0	5	119	262	376	7e-55	  181
cds.comp107026_c0_seq2	CHOYP_LOC100377651.1.1|m.66235	63.64	99	36	0	1	99	38	136	7e-33	  119
cds.comp107031_c0_seq2	CHOYP_LOC100371275.1.1|m.46896	90.82	403	37	0	1	403	408	810	0.0	  768
cds.comp107041_c0_seq1	CHOYP_LOC100701255.1.1|m.29251	38.24	102	62	1	1	101	255	356	1e-21	89.7
cds.comp107041_c0_seq2	CHOYP_WNT2B.2.3|m.37823	41.13	124	68	4	1	122	251	371	2e-27	  105
cds.comp107047_c0_seq1	CHOYP_PHUM_PHUM346120.1.1|m.51896	38.46	208	115	4	4	208	1348	1545	4e-40	  149
cds.comp107051_c1_seq1	CHOYP_TRIADDRAFT_56963.1.1|m.16322	52.89	121	57	0	1	121	43	163	1e-36	  131
cds.comp107055_c1_seq1	CHOYP_K1468.1.1|m.24917	62.50	136	36	1	100	235	391	511	2e-47	  170
cds.comp107063_c0_seq1	CHOYP_LOC100377578.1.1|m.63575	76.67	120	27	1	1	120	4	122	1e-61	  191
cds.comp107088_c0_seq1	CHOYP_BRAFLDRAFT_202950.1.1|m.51601	83.17	101	17	0	1	101	200	300	7e-55	  187
cds.comp107089_c0_seq1	CHOYP_THSD7B.1.1|m.61601	36.64	464	279	9	1	455	1	458	3e-92	  309
cds.comp107097_c0_seq1	CHOYP_NEMVEDRAFT_V1G226328.1.1|m.11691	36.03	136	81	3	1	131	155	289	1e-21	89.0
cds.comp107158_c0_seq1	CHOYP_FBX42.1.1|m.11569	78.06	155	34	0	1	155	89	243	2e-87	  271
cds.comp107167_c0_seq1	CHOYP_LOC100374932.1.1|m.17375	61.24	129	50	0	1	129	193	321	3e-51	  169
cds.comp107177_c0_seq1	CHOYP_LOC100541982.1.1|m.62957	50.00	132	60	3	3	132	158	285	5e-36	  132
cds.comp107200_c1_seq1	CHOYP_APLD.1.1|m.9873	44.44	153	73	2	39	191	584	724	7e-36	  135
cds.comp107216_c0_seq1	CHOYP_KAT2B.1.1|m.8613	89.00	209	22	1	1	209	146	353	5e-136	  405
cds.comp107218_c0_seq1	CHOYP_DFA_05420.1.1|m.25051	74.73	186	47	0	1	186	381	566	3e-95	  294
cds.comp107233_c0_seq1	CHOYP_BRAFLDRAFT_68791.2.3|m.16822	48.28	116	58	1	1	114	423	538	1e-31	  120
cds.comp107235_c0_seq1	CHOYP_LOC100372926.2.3|m.61795	55.88	170	75	0	2	171	330	499	6e-72	  228
cds.comp107302_c0_seq1	CHOYP_NEMVEDRAFT_V1G241973.2.2|m.11390	62.86	175	62	2	1	174	94	266	5e-75	  231
cds.comp107304_c1_seq1	CHOYP_BRAFLDRAFT_216683.1.1|m.17273	62.61	115	43	0	1	115	534	648	2e-44	  156
cds.comp107306_c0_seq1	CHOYP_LOC588014.1.1|m.62735	76.67	120	26	1	11	128	6	125	2e-65	  199
cds.comp107319_c0_seq1	CHOYP_ABHD3.1.1|m.46364	64.96	137	47	1	1	136	178	314	2e-59	  192
cds.comp107320_c0_seq1	CHOYP_LOC100894098.1.1|m.18656	40.82	485	252	13	1	465	79	548	2e-122	  374
cds.comp107323_c1_seq1	CHOYP_LOC661299.1.1|m.51706	58.56	111	46	0	1	111	717	827	9e-41	  145
cds.comp107341_c0_seq1	CHOYP_LOC590316.1.1|m.18476	81.46	205	38	0	4	208	57	261	4e-124	  357
cds.comp107367_c0_seq1	CHOYP_contig_032364|m.36951	35.20	196	110	6	2	192	55	238	2e-23	96.3
cds.comp107372_c1_seq1	CHOYP_BRAFLDRAFT_153908.1.2|m.1377	75.76	99	24	0	1	99	622	720	2e-49	  170
cds.comp107390_c0_seq1	CHOYP_ALKBH3.1.1|m.43708	69.96	273	81	1	2	273	5	277	3e-146	  416
cds.comp107406_c4_seq1	CHOYP_LOC100367361.1.1|m.35994	44.44	135	51	6	1	129	400	516	8e-22	92.4
cds.comp107422_c0_seq1	CHOYP_LOC581508.1.1|m.26966	67.47	166	52	1	48	213	2	165	3e-78	  236
cds.comp107448_c0_seq1	CHOYP_BRAFLDRAFT_91394.1.1|m.16068	41.30	138	75	4	1	134	373	508	1e-25	  102
cds.comp107463_c0_seq1	CHOYP_SAMH1.12.12|m.66249	54.26	94	39	2	1	93	456	546	1e-21	91.3
cds.comp107485_c0_seq1	CHOYP_LOC580669.1.1|m.7758	73.86	88	23	0	30	117	104	191	3e-40	  137
cds.comp107506_c1_seq1	CHOYP_HHAT.1.1|m.35551	46.46	99	50	2	2	99	229	325	6e-25	99.0
cds.comp107518_c0_seq1	CHOYP_DICPUDRAFT_50844.1.1|m.23441	58.75	160	65	1	1	160	384	542	5e-62	  204
cds.comp107521_c0_seq1	CHOYP_LOC100378615.1.2|m.25321	60.71	168	63	1	1	168	318	482	4e-65	  211
cds.comp107532_c0_seq1	CHOYP_DOCK9.1.2|m.7649	55.71	140	62	0	1	140	1	140	6e-51	  177
cds.comp107543_c0_seq1	CHOYP_SI_DKEY-219C3.2.1.1|m.25159	65.33	150	52	0	1	150	765	914	2e-48	  169
cds.comp107571_c3_seq1	CHOYP_BRAFLDRAFT_91068.1.1|m.9955	67.26	113	37	0	1	113	479	591	3e-42	  147
cds.comp107585_c0_seq1	CHOYP_LOC100377001.1.2|m.10821	51.04	241	115	2	4	242	4	243	7e-78	  241
cds.comp107604_c0_seq2	CHOYP_LOC100313632.1.1|m.41379	61.61	310	114	3	2	310	283	588	1e-133	  401
cds.comp107608_c0_seq1	CHOYP_TET1.1.1|m.9858	71.11	90	26	0	1	90	663	752	9e-42	  150
cds.comp107625_c1_seq1	CHOYP_IDUA.1.3|m.3781	64.42	104	34	1	1	101	54	157	2e-42	  145
cds.comp107649_c0_seq1	CHOYP_LOC100573605.1.1|m.11446	40.59	101	59	1	5	104	2	102	2e-21	86.3
cds.comp107667_c0_seq1	CHOYP_BRAFLDRAFT_75374.1.1|m.19077	68.03	319	102	0	1	319	316	634	9e-162	  472
cds.comp107667_c0_seq2	CHOYP_LOC100882952.1.1|m.56153	56.39	133	57	1	107	239	568	699	5e-44	  159
cds.comp107672_c0_seq1	CHOYP_LOC662279.1.1|m.38829	83.46	133	22	0	2	134	5	137	8e-76	  240
cds.comp107690_c0_seq3	CHOYP_NEMVEDRAFT_V1G210604.2.8|m.10056	41.41	198	99	6	14	207	102	286	3e-30	  116
cds.comp107695_c0_seq2	CHOYP_LOC579332.1.1|m.41750	87.25	102	13	0	1	102	998	1099	3e-56	  190
cds.comp107698_c0_seq1	CHOYP_LOC591084.1.2|m.52367	51.91	235	99	6	72	295	320	551	7e-71	  242
cds.comp107703_c2_seq1	CHOYP_BRAFLDRAFT_120904.1.1|m.37237	72.59	197	54	0	1	197	316	512	1e-104	  328
cds.comp107720_c0_seq1	CHOYP_UBR3.1.1|m.43346	39.38	193	111	3	1	193	854	1040	1e-40	  149
cds.comp107741_c1_seq1	CHOYP_LOC100366918.1.1|m.31506	35.47	468	276	10	6	457	1705	2162	2e-89	  302
cds.comp107751_c1_seq1	CHOYP_DGRI_GH21290.1.1|m.52483	62.96	81	30	0	164	244	1445	1525	1e-31	  127
cds.comp107760_c0_seq1	CHOYP_WWOX.1.1|m.65935	66.67	177	59	0	1	177	186	362	3e-83	  256
cds.comp107771_c0_seq1	CHOYP_BRAFLDRAFT_287708.1.1|m.52226	52.73	110	52	0	1	110	72	181	2e-40	  139
cds.comp107782_c0_seq1	CHOYP_BRAFLDRAFT_126506.1.1|m.60629	80.66	212	35	1	1	206	141	352	2e-120	  356
cds.comp107793_c1_seq1	CHOYP_MRP5.3.3|m.51741	50.79	191	94	0	4	194	107	297	2e-59	  201
cds.comp107831_c2_seq1	CHOYP_BRAFLDRAFT_126152.2.2|m.42694	61.72	128	49	0	1	128	36	163	1e-55	  176
cds.comp107847_c0_seq1	CHOYP_LRP4.5.5|m.48010	59.13	115	47	0	1	115	1863	1977	7e-43	  153
cds.comp107875_c0_seq1	CHOYP_MD12L.1.1|m.1468	59.64	166	66	1	1	165	881	1046	8e-61	  207
cds.comp107894_c0_seq1	CHOYP_CP1A2.1.1|m.37017	34.38	192	126	0	2	193	24	215	7e-41	  141
cds.comp107905_c0_seq1	CHOYP_RAB35.1.1|m.8277	87.22	133	17	0	1	133	61	193	4e-83	  247
cds.comp107927_c2_seq2	CHOYP_LOC100708752.1.1|m.15631	50.49	206	101	1	1	205	1	206	3e-70	  224
cds.comp107941_c1_seq1	CHOYP_NEMVEDRAFT_V1G196611.2.13|m.14366	33.33	258	156	6	43	294	7	254	1e-31	  124
cds.comp107980_c0_seq2	CHOYP_CCM2.1.1|m.31917	39.48	233	113	6	2	217	87	308	7e-40	  144
cds.comp108001_c0_seq1	CHOYP_SSPO.14.14|m.60298	37.50	152	90	3	2	149	209	359	8e-26	  101
cds.comp108002_c0_seq2	CHOYP_LOC100161158.1.1|m.14383	80.31	193	38	0	1	193	31	223	3e-115	  331
cds.comp108040_c0_seq1	CHOYP_LOC101074794.1.1|m.64888	42.06	126	72	1	93	218	2	126	1e-25	  103
cds.comp108045_c0_seq1	CHOYP_MAST4.1.1|m.25573	89.33	150	16	0	3	152	804	953	1e-92	  296
cds.comp108045_c1_seq1	CHOYP_KPC1.1.2|m.30648	37.41	139	66	4	1	137	75	194	1e-24	97.4
cds.comp108090_c0_seq2	CHOYP_XPO6.1.1|m.15288	65.69	204	65	2	1	199	65	268	8e-86	  276
cds.comp108111_c0_seq1	CHOYP_LOC100376305.1.1|m.48426	40.68	177	104	1	1	176	351	527	1e-38	  142
cds.comp108133_c0_seq1	CHOYP_LOC100373945.1.1|m.53450	74.56	114	29	0	1	114	1	114	3e-57	  186
cds.comp108149_c0_seq3	CHOYP_LOC582037.1.1|m.64268	72.62	84	22	1	36	119	211	293	4e-34	  126
cds.comp108160_c0_seq1	CHOYP_CPM.1.1|m.23532	44.83	116	64	0	15	130	26	141	3e-32	  114
cds.comp108160_c1_seq2	CHOYP_LOC100533325.1.1|m.55617	53.97	378	138	4	1	343	177	553	8e-134	  421
cds.comp108168_c0_seq1	CHOYP_BRAFLDRAFT_119045.1.2|m.9906	59.26	108	44	0	1	108	216	323	1e-37	  134
cds.comp108173_c1_seq1	CHOYP_LOC100877335.1.1|m.8851	53.51	114	47	3	1	110	2732	2843	7e-29	  112
cds.comp108189_c0_seq1	CHOYP_DGRI_GH16740.1.1|m.14504	39.71	204	105	6	1	197	1	193	4e-30	  112
cds.comp108204_c0_seq1	CHOYP_BRAFLDRAFT_88208.3.3|m.34799	37.65	162	100	1	15	176	1181	1341	5e-30	  118
cds.comp108211_c0_seq1	CHOYP_LOC100375375.1.1|m.45219	44.20	138	49	5	55	180	513	634	2e-21	92.8
cds.comp108215_c0_seq2	CHOYP_LOC100372197.1.3|m.41593	33.74	326	193	12	2	316	354	667	5e-34	  135
cds.comp108228_c0_seq1	CHOYP_BRAFLDRAFT_108792.4.5|m.45892	75.95	158	38	0	1	158	1221	1378	6e-77	  253
cds.comp108232_c0_seq1	CHOYP_SACS.12.17|m.53659	59.38	96	38	1	13	107	28	123	1e-34	  128
cds.comp108244_c0_seq1	CHOYP_CSKP.2.2|m.33800	85.65	216	31	0	1	216	1	216	5e-135	  405
cds.comp108250_c0_seq1	CHOYP_BRAFLDRAFT_202950.1.1|m.51601	70.47	298	77	2	4	290	2422	2719	1e-136	  431
cds.comp108252_c0_seq4	CHOYP_HGSNAT.1.2|m.32165	47.74	155	64	3	9	147	204	357	1e-42	  150
cds.comp108265_c2_seq1	CHOYP_SIR7.1.1|m.7338	73.13	134	36	0	1	134	235	368	4e-68	  222
cds.comp108265_c3_seq2	CHOYP_LOC100375279.1.1|m.42202	47.47	99	51	1	32	129	22	120	8e-28	  107
cds.comp108268_c1_seq1	CHOYP_LOC100890521.1.1|m.55845	37.67	292	136	7	50	304	297	579	6e-39	  146
cds.comp108276_c1_seq1	CHOYP_LOC100557412.1.1|m.30905	39.59	197	115	3	3	198	12	205	2e-44	  152
cds.comp108281_c1_seq1	CHOYP_LOC100906981.1.1|m.55719	75.30	166	40	1	1	166	229	393	1e-86	  275
cds.comp108291_c0_seq1	CHOYP_CSKP.2.2|m.33800	77.14	175	40	0	1	175	727	901	2e-88	  280
cds.comp108314_c2_seq1	CHOYP_SIL1.1.2|m.23760	48.11	106	55	0	3	108	156	261	1e-23	95.5
cds.comp108318_c0_seq1	CHOYP_LOC100368744.1.1|m.7781	60.53	152	60	0	1	152	228	379	6e-43	  154
cds.comp108335_c0_seq1	CHOYP_SELN.1.1|m.31999	55.37	177	71	3	2	171	335	510	2e-63	  206
cds.comp108338_c0_seq1	CHOYP_BRAFLDRAFT_202950.1.1|m.51601	71.04	221	64	0	1	221	287	507	3e-105	  337
cds.comp108358_c0_seq1	CHOYP_LOC100887947.1.2|m.35559	59.12	159	65	0	1	159	37	195	1e-56	  189
cds.comp108381_c0_seq1	CHOYP_MYS.2.7|m.2069	40.00	210	119	4	11	216	85	291	7e-45	  156
cds.comp108385_c0_seq1	CHOYP_DDHD1.1.1|m.53492	48.25	286	123	6	2	286	435	696	1e-84	  271
cds.comp108413_c1_seq1	CHOYP_BRAFLDRAFT_104488.3.3|m.2973	77.52	129	28	1	2	129	53	181	3e-70	  213
cds.comp108426_c0_seq1	CHOYP_BRAFLDRAFT_124569.1.1|m.57872	42.99	321	158	9	15	333	352	649	8e-55	  196
cds.comp108441_c0_seq1	CHOYP_EOGT.1.1|m.46530	52.16	255	109	2	2	245	49	301	2e-96	  297
cds.comp108442_c0_seq1	CHOYP_XPA.1.1|m.61554	59.46	111	45	0	1	111	150	260	6e-35	  124
cds.comp108449_c1_seq1	CHOYP_BRAFLDRAFT_119617.1.1|m.50138	54.08	98	45	0	1	98	68	165	1e-32	  118
cds.comp108457_c0_seq2	CHOYP_FLCN.1.1|m.65771	56.94	144	53	1	1	144	38	172	8e-54	  180
cds.comp108470_c0_seq2	CHOYP_LOC100377510.4.4|m.63603	69.72	109	33	0	1	109	258	366	3e-52	  171
cds.comp108476_c0_seq1	CHOYP_LOC412155.1.2|m.7900	73.73	118	31	0	2	119	508	625	3e-59	  196
cds.comp108487_c0_seq1	CHOYP_LOC578858.2.2|m.25157	69.29	254	74	1	5	254	51	304	1e-122	  356
cds.comp108495_c0_seq1	CHOYP_BRAFLDRAFT_100007.1.1|m.10810	46.55	174	73	8	2	166	1362	1524	8e-23	97.1
cds.comp108506_c0_seq1	CHOYP_LOC657012.1.1|m.54792	85.71	161	23	0	6	166	147	307	7e-96	  290
cds.comp108506_c2_seq1	CHOYP_CDK2.1.1|m.18485	54.33	127	56	2	1	127	164	288	2e-40	  140
cds.comp108508_c0_seq1	CHOYP_BRAFLDRAFT_84838.3.6|m.42355	32.69	156	103	1	2	155	1823	1978	3e-22	95.1
cds.comp108509_c1_seq1	CHOYP_FAM122B.1.1|m.7361	50.51	196	68	7	1	189	10	183	2e-42	  148
cds.comp108510_c0_seq1	CHOYP_LOC100744637.1.1|m.55029	73.81	210	54	1	25	234	3	211	1e-93	  303
cds.comp108514_c0_seq1	CHOYP_UNC79.4.4|m.48853	68.75	128	40	0	1	128	390	517	1e-57	  195
cds.comp108514_c1_seq1	CHOYP_UNC79.2.4|m.39641	60.99	141	54	1	1	141	585	724	8e-52	  178
cds.comp108518_c0_seq1	CHOYP_LOC100370244.3.4|m.52580	48.59	354	175	4	2	348	129	482	2e-113	  346
cds.comp108553_c0_seq2	CHOYP_WIPI4.1.1|m.3875	72.32	336	89	1	5	340	3	334	0.0	  540
cds.comp108569_c0_seq1	CHOYP_ALG11.1.1|m.39838	56.46	147	64	0	1	147	323	469	1e-57	  189
cds.comp108597_c0_seq1	CHOYP_BRAFLDRAFT_82864.1.1|m.45561	70.48	105	24	1	1	105	221	318	2e-48	  165
cds.comp108600_c0_seq1	CHOYP_BRAFLDRAFT_129259.1.1|m.9267	72.17	115	31	1	1	114	8	122	2e-51	  177
cds.comp108604_c0_seq1	CHOYP_SPIR1.1.1|m.55859	66.42	137	39	3	215	348	1009	1141	7e-50	  182
cds.comp108605_c1_seq1	CHOYP_BRAFLDRAFT_153908.2.2|m.23497	66.96	115	38	0	8	122	46	160	7e-51	  175
cds.comp108612_c0_seq1	CHOYP_NBEL1.1.1|m.33217	53.09	81	38	0	1	81	584	664	3e-25	  101
cds.comp108629_c1_seq1	CHOYP_LOC100634730.1.1|m.56113	52.45	143	56	3	1	142	169	300	2e-40	  147
cds.comp108637_c0_seq1	CHOYP_BRAFLDRAFT_118966.1.1|m.62947	52.05	342	142	6	3	343	8	328	2e-94	  306
cds.comp108641_c0_seq1	CHOYP_LOC100329052.1.1|m.8005	44.90	196	103	2	3	193	183	378	5e-50	  174
cds.comp108641_c1_seq1	CHOYP_LOC100160412.2.2|m.56352	81.44	194	28	1	1	186	423	616	1e-111	  335
cds.comp108651_c0_seq1	CHOYP_DWIL_GK25256.1.1|m.7275	77.78	135	24	2	1	135	160	288	5e-68	  219
cds.comp108725_c1_seq1	CHOYP_NEMVEDRAFT_V1G242282.1.1|m.59797	46.45	155	80	2	1	153	47	200	7e-39	  139
cds.comp108736_c0_seq1	CHOYP_LOC581128.1.1|m.46711	81.21	149	28	0	1	149	17	165	2e-79	  253
cds.comp108737_c0_seq1	CHOYP_YM92.1.1|m.49782	42.05	176	69	6	33	206	11	155	1e-29	  116
cds.comp108740_c1_seq1	CHOYP_LOC586878.1.1|m.55678	73.60	125	33	0	1	125	155	279	2e-61	  205
cds.comp108745_c0_seq2	CHOYP_LOC100892369.1.1|m.23089	73.66	262	59	3	5	259	428	686	4e-122	  367
cds.comp108755_c0_seq1	CHOYP_SLFN5.1.1|m.23987	57.58	132	54	2	1	130	224	355	2e-44	  157
cds.comp108775_c0_seq1	CHOYP_RAB37.1.1|m.56439	35.79	190	115	4	4	192	32	215	8e-32	  118
cds.comp108850_c0_seq1	CHOYP_CPT2.1.1|m.16349	58.67	225	92	1	4	227	439	663	8e-92	  287
cds.comp108859_c0_seq1	CHOYP_CO041.1.1|m.19366	53.33	150	70	0	1	150	1	150	2e-57	  184
cds.comp108878_c0_seq2	CHOYP_LOC664535.1.1|m.40357	69.18	159	36	2	1	159	234	379	6e-62	  199
cds.comp108886_c1_seq1	CHOYP_BRAFLDRAFT_94568.1.2|m.32840	66.50	203	68	0	1	203	85	287	3e-82	  257
cds.comp108902_c0_seq1	CHOYP_BRAFLDRAFT_276675.1.1|m.6814	86.44	118	16	0	1	118	267	384	2e-70	  219
cds.comp108910_c1_seq1	CHOYP_LOC583093.1.1|m.18950	52.26	155	69	1	2	156	75	224	1e-53	  176
cds.comp108926_c1_seq1	CHOYP_BRAFLDRAFT_89152.1.1|m.7590	50.18	273	120	4	1	259	383	653	4e-90	  284
cds.comp108941_c0_seq1	CHOYP_BRAFLDRAFT_120278.1.2|m.15014	84.18	196	31	0	18	213	1	196	1e-127	  362
cds.comp108947_c0_seq1	CHOYP_LOC100373083.1.2|m.19986	46.15	143	55	1	1	143	656	776	4e-38	  140
cds.comp108948_c0_seq1	CHOYP_BRAFLDRAFT_128799.1.1|m.29183	62.16	111	42	0	1	111	467	577	1e-42	  148
cds.comp108954_c0_seq1	CHOYP_BRAFLDRAFT_119774.3.4|m.27677	43.74	551	280	9	5	534	1169	1710	1e-132	  430
cds.comp108954_c1_seq1	CHOYP_PKHD1L1.3.5|m.15980	34.88	301	188	4	1	296	132	429	4e-51	  180
cds.comp108972_c0_seq1	CHOYP_LOC100748982.1.1|m.47037	79.69	192	38	1	9	200	5	195	3e-102	  297
cds.comp109016_c0_seq1	CHOYP_LOC100166353.1.1|m.4625	46.83	126	66	1	1	125	40	165	2e-39	  135
cds.comp109032_c0_seq1	CHOYP_LOC100717261.1.1|m.51839	52.10	119	54	1	1	119	154	269	4e-37	  130
cds.comp109071_c0_seq1	CHOYP_LOC661485.1.1|m.41852	33.97	315	121	13	14	310	1098	1343	6e-30	  123
cds.comp109075_c0_seq1	CHOYP_ISCW_ISCW000473.1.1|m.8797	40.94	127	57	2	4	114	64	188	6e-28	  104
cds.comp109099_c1_seq1	CHOYP_LOC100372028.1.1|m.22341	91.76	170	14	0	1	170	768	937	3e-107	  336
cds.comp109119_c0_seq1	CHOYP_LOC579395.2.2|m.44926	34.91	212	136	2	2	212	281	491	1e-35	  132
cds.comp109134_c0_seq2	CHOYP_CACUL1.1.1|m.54980	56.91	181	73	3	1	179	100	277	1e-67	  211
cds.comp109136_c0_seq1	CHOYP_LOC100367864.2.3|m.13639	35.08	248	107	10	10	243	521	728	6e-24	  102
cds.comp109155_c0_seq1	CHOYP_FANCI.1.1|m.6336	51.10	319	150	3	1	317	15	329	6e-106	  340
cds.comp109157_c1_seq1	CHOYP_UBS3B.1.1|m.43636	44.49	245	134	2	1	245	380	622	1e-68	  226
cds.comp109166_c0_seq1	CHOYP_LOC100374794.1.1|m.35080	58.45	207	86	0	2	208	563	769	5e-72	  238
cds.comp109177_c1_seq2	CHOYP_LOC408471.1.1|m.46732	42.11	209	81	2	11	180	2	209	2e-49	  174
cds.comp109196_c0_seq1	CHOYP_ISCW_ISCW017526.2.2|m.57044	32.97	455	206	18	40	459	259	649	2e-28	  119
cds.comp109200_c0_seq1	CHOYP_YETS2.1.1|m.302	50.53	95	47	0	11	105	1244	1338	7e-26	  103
cds.comp109208_c0_seq2	CHOYP_CNOT7.2.2|m.35718	42.75	255	133	5	1	250	1	247	6e-51	  173
cds.comp109220_c2_seq1	CHOYP_LOC100167728.2.2|m.42340	68.07	166	53	0	1	166	145	310	1e-70	  231
cds.comp109220_c4_seq1	CHOYP_LOC100167728.1.2|m.2289	57.86	159	56	1	1	148	34	192	3e-59	  196
cds.comp109225_c0_seq1	CHOYP_DYHC.1.3|m.10664	78.66	253	54	0	1	253	2667	2919	2e-137	  431
cds.comp109233_c1_seq1	CHOYP_RBM19.1.2|m.28228	72.03	118	33	0	1	118	477	594	7e-46	  160
cds.comp109238_c0_seq1	CHOYP_LOC100118291.1.1|m.54817	74.77	107	27	0	1	107	409	515	4e-53	  176
cds.comp109255_c0_seq1	CHOYP_PTPRT.11.45|m.39468	48.31	118	61	0	28	145	1332	1449	2e-36	  135
cds.comp109256_c0_seq1	CHOYP_IRAK4.1.1|m.23405	54.55	264	113	4	1	257	268	531	6e-89	  277
cds.comp109259_c0_seq1	CHOYP_LOC100635715.9.9|m.65846	74.36	78	18	1	17	92	47	124	8e-34	  123
cds.comp109267_c0_seq1	CHOYP_LOC692982.1.1|m.11651	81.44	167	31	0	1	167	16	182	9e-101	  292
cds.comp109319_c1_seq1	CHOYP_HS3SB.1.2|m.27480	74.19	93	24	0	34	126	133	225	9e-45	  152
cds.comp109341_c1_seq2	CHOYP_MIB1.2.4|m.35815	25.48	416	267	10	1	407	475	856	2e-31	  128
cds.comp109344_c0_seq1	CHOYP_BRAFLDRAFT_202950.1.1|m.51601	80.42	240	41	2	1	235	2742	2980	1e-129	  408
cds.comp109366_c0_seq1	CHOYP_FANCJ.1.1|m.17513	63.47	167	55	3	5	170	174	335	6e-68	  226
cds.comp109370_c0_seq1	CHOYP_CHRC1.1.2|m.28863	60.61	99	39	0	11	109	15	113	6e-38	  127
cds.comp109377_c0_seq1	CHOYP_LOC100650524.2.2|m.53643	72.46	207	57	0	2	208	1187	1393	3e-103	  329
cds.comp109394_c4_seq1	CHOYP_XFIN.1.4|m.606	62.75	102	35	1	23	124	778	876	2e-41	  149
cds.comp109398_c0_seq1	CHOYP_LOC100372967.1.1|m.16378	52.54	118	55	1	1	117	183	300	3e-33	  121
cds.comp109403_c0_seq1	CHOYP_ISCW_ISCW014481.1.1|m.61217	71.61	155	44	0	1	155	699	853	1e-77	  251
cds.comp109445_c0_seq1	CHOYP_FRED.1.1|m.55727	41.08	185	104	5	2	183	317	499	9e-38	  140
cds.comp109446_c0_seq1	CHOYP_RL17.2.7|m.34420	47.26	146	77	0	46	191	254	399	5e-45	  159
cds.comp109481_c0_seq1	CHOYP_GNPI2.1.1|m.55897	79.56	225	46	0	1	225	45	269	2e-134	  384
cds.comp109484_c0_seq1	CHOYP_KNTC1.1.1|m.17136	36.97	165	95	5	91	248	2	164	4e-23	  100
cds.comp109512_c0_seq1	CHOYP_LOC100717261.1.1|m.51839	45.75	153	83	0	5	157	40	192	1e-46	  156
cds.comp109521_c0_seq1	CHOYP_GCKR.1.1|m.51743	51.52	132	61	1	3	131	214	345	7e-43	  150
cds.comp109532_c0_seq1	CHOYP_ABCF2.1.2|m.28361	66.90	426	135	2	9	434	7	426	0.0	  577
cds.comp109543_c0_seq1	CHOYP_RS15A.5.11|m.18785	85.11	141	12	1	45	176	5	145	2e-83	  247
cds.comp109547_c0_seq1	CHOYP_LOC100748395.1.7|m.12077	45.73	199	90	4	47	239	64	250	2e-47	  166
cds.comp109547_c0_seq2	CHOYP_MMEL1.3.3|m.42932	46.99	183	87	3	47	223	73	251	4e-50	  173
cds.comp109549_c0_seq1	CHOYP_RS23.3.9|m.22892	95.80	143	6	0	28	170	15	157	2e-98	  285
cds.comp109550_c0_seq1	CHOYP_RS18.4.11|m.20898	86.27	153	21	0	1	153	1	153	3e-99	  286
cds.comp109558_c0_seq1	CHOYP_EF1A.2.4|m.50858	85.47	461	66	1	1	460	1	461	0.0	  829
cds.comp109560_c0_seq1	CHOYP_RS25.8.11|m.37403	65.83	120	40	1	8	126	14	133	1e-38	  130
cds.comp109561_c0_seq1	CHOYP_RPS11.1.5|m.11993	63.39	112	40	1	1	111	1	112	9e-33	  114
cds.comp109562_c0_seq1	CHOYP_RL23.8.11|m.40909	92.20	141	11	0	1	141	1	141	4e-90	  262
cds.comp109565_c0_seq1	CHOYP_RS3A.4.15|m.15367	85.17	263	39	0	18	280	1	263	2e-161	  454
cds.comp109566_c0_seq1	CHOYP_RL18A.1.8|m.12900	80.23	177	35	0	1	177	1	177	2e-105	  304
cds.comp109568_c0_seq1	CHOYP_RL37A.1.7|m.9950	82.00	100	18	0	16	115	8	107	5e-56	  173
cds.comp109569_c0_seq1	CHOYP_ISCW_ISCW016148.4.6|m.62162	89.05	137	15	0	11	147	16	152	6e-86	  252
cds.comp109571_c0_seq1	CHOYP_RS16.4.5|m.64177	89.04	146	16	0	6	151	5	150	3e-92	  268
cds.comp109572_c0_seq1	CHOYP_RPL36A.1.1|m.24724	86.11	108	15	0	14	121	13	120	2e-62	  191
cds.comp109573_c0_seq1	CHOYP_RS19.3.12|m.15295	66.90	145	47	1	1	144	1	145	1e-70	  213
cds.comp109581_c1_seq1	CHOYP_SMP_051990.4.7|m.9424	39.77	171	87	3	1	160	158	323	1e-31	  122
cds.comp109584_c0_seq1	CHOYP_BRAFLDRAFT_123275.1.1|m.4993	67.17	198	64	1	1	197	75	272	3e-96	  285
cds.comp109600_c0_seq1	CHOYP_BRAFLDRAFT_125550.5.5|m.40530	48.04	179	89	2	1	179	532	706	9e-50	  172
cds.comp109622_c0_seq2	CHOYP_LRRIQ1.1.1|m.24263	44.07	118	59	2	4	114	944	1061	4e-27	  112
cds.comp109628_c0_seq1	CHOYP_LOC100498109.1.3|m.29965	39.84	128	77	0	1	128	164	291	1e-27	  105
cds.comp109629_c0_seq2	CHOYP_BRAFLDRAFT_123617.1.1|m.6682	46.01	326	160	6	12	332	1	315	3e-88	  279
cds.comp109633_c0_seq1	CHOYP_T184B.1.1|m.61143	82.35	51	9	0	53	103	46	96	8e-24	95.1
cds.comp109639_c0_seq1	CHOYP_RBM19.1.2|m.28228	68.02	222	70	1	44	265	710	930	7e-96	  305
cds.comp109647_c0_seq1	CHOYP_LOC101068028.1.1|m.48694	48.18	137	62	4	23	150	1	137	6e-35	  122
cds.comp109660_c2_seq3	CHOYP_FA65A.1.1|m.24019	55.00	320	141	2	125	444	574	890	3e-120	  378
cds.comp109663_c1_seq1	CHOYP_PHUM_PHUM375280.2.2|m.56484	60.00	225	87	3	39	262	41	263	3e-92	  278
cds.comp109664_c0_seq1	CHOYP_CALM.20.50|m.30951	50.82	122	60	0	86	207	35	156	5e-40	  138
cds.comp109675_c0_seq2	CHOYP_LOC552559.1.2|m.39702	77.88	104	14	1	1	104	1	95	2e-53	  167
cds.comp109695_c0_seq1	CHOYP_ACA1_091870.1.1|m.43726	70.15	134	34	1	1	128	67	200	8e-60	  187
cds.comp109699_c0_seq1	CHOYP_LOC100888507.1.1|m.4484	49.71	173	85	1	1	173	895	1065	1e-55	  192
cds.comp109701_c1_seq1	CHOYP_LOC100377100.1.1|m.51994	80.88	204	39	0	1	204	106	309	5e-118	  348
cds.comp109706_c0_seq1	CHOYP_PAR14.12.17|m.57325	53.67	177	79	3	53	229	1542	1715	6e-58	  201
cds.comp109710_c0_seq1	CHOYP_LOC587900.1.1|m.64540	54.24	271	119	1	1	266	2	272	1e-106	  315
cds.comp109726_c1_seq1	CHOYP_LOC100371979.1.1|m.51845	57.25	131	56	0	1	131	217	347	4e-48	  164
cds.comp109771_c0_seq1	CHOYP_ISCW_ISCW003928.1.1|m.18079	82.41	108	18	1	1	108	21	127	1e-57	  190
cds.comp109796_c0_seq1	CHOYP_BOC.1.1|m.27955	47.27	110	55	2	6	113	572	680	2e-24	  100
cds.comp109797_c0_seq2	CHOYP_RBM22.1.1|m.43645	75.86	435	82	5	1	422	9	433	0.0	  630
cds.comp109819_c0_seq1	CHOYP_LOC373208.1.1|m.17490	81.48	162	30	0	1	162	1621	1782	6e-87	  281
cds.comp109824_c0_seq1	CHOYP_NEMVEDRAFT_V1G246103.1.2|m.15119	55.07	138	62	0	1	138	245	382	1e-48	  165
cds.comp109829_c0_seq2	CHOYP_SLC25A37.1.1|m.23410	68.66	201	63	0	6	206	5	205	1e-97	  291
cds.comp109831_c0_seq1	CHOYP_FUMH.2.2|m.55401	78.74	127	27	0	6	132	121	247	2e-66	  211
cds.comp109845_c0_seq1	CHOYP_BRAFLDRAFT_124709.1.1|m.21620	66.00	350	119	0	1	350	548	897	2e-156	  479
cds.comp109847_c0_seq1	CHOYP_DGRI_GH12278.1.1|m.5056	45.24	126	69	0	6	131	5	130	1e-32	  119
cds.comp109847_c1_seq1	CHOYP_LOC100374307.1.1|m.29504	69.03	113	35	0	1	113	202	314	2e-54	  176
cds.comp109855_c0_seq1	CHOYP_LOC590729.1.1|m.35259	46.04	265	133	4	1	265	172	426	6e-83	  259
cds.comp109870_c0_seq1	CHOYP_LOC100747581.1.1|m.9744	37.09	213	125	4	13	224	619	823	1e-33	  131
cds.comp109900_c0_seq1	CHOYP_DYHC.1.3|m.10664	89.68	155	16	0	1	155	2155	2309	1e-91	  295
cds.comp109910_c0_seq1	CHOYP_ISCW_ISCW004236.3.5|m.11201	38.46	208	112	7	1	201	174	372	1e-33	  126
cds.comp109929_c0_seq1	CHOYP_LOC579656.1.5|m.14095	60.61	99	37	1	1	99	425	521	2e-40	  143
cds.comp109931_c0_seq1	CHOYP_LOC100883412.1.1|m.25657	72.46	207	57	0	1	207	1011	1217	1e-108	  341
cds.comp109938_c0_seq1	CHOYP_PAR15.1.6|m.3666	33.83	399	214	9	1	388	65	424	1e-65	  223
cds.comp109952_c0_seq1	CHOYP_SAM50.1.1|m.42680	53.06	441	202	3	50	489	5	441	1e-167	  485
cds.comp109993_c0_seq1	CHOYP_BRAFLDRAFT_280343.1.1|m.41318	40.99	222	122	6	1	218	1	217	1e-47	  159
cds.comp109999_c0_seq1	CHOYP_KIZ.1.1|m.57618	50.89	112	55	0	1	112	17	128	6e-35	  129
cds.comp110002_c0_seq1	CHOYP_RFNG.1.1|m.34921	61.20	250	92	1	2	251	119	363	1e-115	  340
cds.comp110015_c1_seq2	CHOYP_HSPA8.1.1|m.62794	46.20	171	90	1	2	170	29	199	4e-48	  159
cds.comp110031_c0_seq2	CHOYP_LOC100121969.1.1|m.52130	68.36	177	56	0	1	177	1381	1557	2e-75	  248
cds.comp110034_c0_seq1	CHOYP_LOC100367549.1.1|m.6366	72.90	107	29	0	3	109	348	454	2e-50	  169
cds.comp110040_c0_seq1	CHOYP_AAAD.2.4|m.28999	41.08	241	131	7	1	238	171	403	4e-54	  182
cds.comp110041_c1_seq1	CHOYP_ARIP4.2.3|m.15675	78.85	156	33	0	1	156	49	204	1e-91	  274
cds.comp110043_c3_seq2	CHOYP_WDR5.3.3|m.23236	51.09	92	45	0	2	93	27	118	2e-29	  105
cds.comp110047_c0_seq2	CHOYP_BRAFLDRAFT_236516.1.1|m.57732	76.20	416	95	2	3	415	1	415	0.0	  676
cds.comp110063_c0_seq2	CHOYP_LOC100182085.2.2|m.55078	53.60	125	57	1	1	124	1	125	4e-36	  132
cds.comp110084_c0_seq1	CHOYP_BRAFLDRAFT_118797.2.2|m.18049	84.15	183	29	0	1	183	1	183	5e-114	  326
cds.comp110088_c0_seq3	CHOYP_LCLT1.1.1|m.34910	50.26	195	96	1	1	195	77	270	2e-68	  216
cds.comp110093_c0_seq1	CHOYP_MBCDH18.1.1|m.34344	49.25	134	68	0	1	134	8043	8176	2e-34	  129
cds.comp110096_c0_seq3	CHOYP_LOC100890521.1.1|m.55845	60.48	210	77	3	1	207	7	213	2e-86	  271
cds.comp110117_c0_seq1	CHOYP_BRAFLDRAFT_68592.1.1|m.53611	60.32	126	48	1	1	126	36	159	2e-47	  161
cds.comp110125_c2_seq1	CHOYP_SPTC2.3.4|m.22359	70.54	129	38	0	1	129	162	290	4e-61	  199
cds.comp110133_c0_seq1	CHOYP_LOC100368360.1.1|m.9672	66.36	217	73	0	1	217	1	217	6e-111	  322
cds.comp110143_c0_seq1	CHOYP_LOC100877992.1.1|m.1507	39.61	154	85	4	3	150	1	152	7e-24	95.1
cds.comp110149_c0_seq1	CHOYP_LOC100933241.5.45|m.23093	49.48	97	47	1	1	95	3	99	3e-25	96.7
cds.comp110159_c0_seq1	CHOYP_KAT5.1.1|m.9015	66.34	202	61	3	10	209	112	308	2e-87	  270
cds.comp110159_c0_seq2	CHOYP_KAT5.1.1|m.9015	66.01	306	94	5	1	302	9	308	8e-138	  403
cds.comp110161_c1_seq1	CHOYP_B3A2.2.2|m.64798	65.38	156	52	2	2	157	473	626	4e-62	  209
cds.comp110179_c1_seq1	CHOYP_LOC100378848.1.1|m.29949	57.58	132	55	1	1	132	696	826	1e-44	  157
cds.comp110199_c0_seq1	CHOYP_FABP6.1.2|m.49858	53.62	138	60	3	6	140	6	142	3e-42	  140
cds.comp110207_c0_seq1	CHOYP_ZC2HC1A.1.1|m.16228	46.44	267	100	10	6	266	3	232	1e-49	  171
cds.comp110227_c0_seq1	CHOYP_LOC100892454.1.1|m.24759	42.50	120	64	1	41	160	30	144	8e-25	  101
cds.comp110230_c0_seq2	CHOYP_LOC100142053.2.2|m.50005	79.11	158	33	0	14	171	547	704	6e-90	  282
cds.comp110237_c1_seq1	CHOYP_BRAFLDRAFT_131134.3.3|m.16643	45.03	151	79	3	2	151	503	650	1e-36	  134
cds.comp110245_c0_seq2	CHOYP_LOC753836.1.1|m.62155	39.84	123	73	1	1	123	246	367	2e-21	90.9
cds.comp110245_c2_seq3	CHOYP_BRAFLDRAFT_255724.1.1|m.48762	62.55	259	93	1	43	301	75	329	3e-114	  341
cds.comp110247_c0_seq1	CHOYP_LOC576665.1.2|m.10867	53.39	236	100	3	1	233	29	257	5e-84	  261
cds.comp110255_c0_seq1	CHOYP_LOC100369238.1.1|m.496	52.05	146	62	4	6	146	346	488	6e-40	  142
cds.comp110272_c0_seq1	CHOYP_LOC100694005.1.1|m.14078	62.93	116	40	2	34	149	471	583	9e-42	  150
cds.comp110286_c0_seq1	CHOYP_BRAFLDRAFT_130395.1.1|m.38394	58.76	274	109	3	1	272	1	272	6e-107	  327
cds.comp110294_c2_seq2	CHOYP_NEMVEDRAFT_V1G241055.1.1|m.64781	66.28	258	80	2	1	251	357	614	2e-111	  347
cds.comp110314_c1_seq1	CHOYP_UBP32.1.1|m.56373	61.82	220	84	0	5	224	20	239	2e-93	  301
cds.comp110338_c0_seq2	CHOYP_TRAPPC9.1.1|m.24975	52.97	202	95	0	5	206	691	892	8e-66	  221
cds.comp110348_c0_seq1	CHOYP_BRAFLDRAFT_203336.1.1|m.4677	56.98	86	37	0	4	89	162	247	3e-29	  115
cds.comp110352_c0_seq1	CHOYP_B3GL2.1.2|m.10183	44.03	134	72	1	1	131	35	168	5e-38	  130
cds.comp110385_c0_seq1	CHOYP_RELN.4.4|m.61790	53.49	129	60	0	1	129	216	344	3e-45	  160
cds.comp110389_c0_seq1	CHOYP_LOC100373399.1.1|m.13288	50.70	286	137	2	1	284	112	395	7e-98	  310
cds.comp110394_c0_seq2	CHOYP_BRAFLDRAFT_119774.4.4|m.33349	46.28	121	62	1	1	118	2021	2141	5e-26	  104
cds.comp110400_c0_seq1	CHOYP_BRAFLDRAFT_93665.1.1|m.10941	48.85	391	165	9	1	382	23	387	1e-111	  337
cds.comp110410_c0_seq2	CHOYP_BRAFLDRAFT_119906.1.1|m.45319	48.65	222	111	2	1	220	5	225	2e-65	  221
cds.comp110411_c1_seq1	CHOYP_LOC589839.1.1|m.29309	64.55	189	53	2	1	188	408	583	1e-80	  262
cds.comp110437_c0_seq1	CHOYP_BRAFLDRAFT_88784.1.1|m.51882	40.36	166	98	1	1	165	25	190	4e-42	  149
cds.comp110443_c0_seq1	CHOYP_PHUM_PHUM226120.3.7|m.20773	30.45	266	150	6	1	233	230	493	3e-34	  133
cds.comp110477_c0_seq1	CHOYP_BRAFLDRAFT_114709.1.1|m.17347	43.26	141	78	1	1	141	339	477	9e-31	  117
cds.comp110495_c0_seq1	CHOYP_RGD1561408.1.2|m.4308	50.68	146	68	2	1	142	841	986	3e-42	  152
cds.comp110516_c0_seq1	CHOYP_LOC100122211.1.1|m.56146	44.06	143	74	2	18	159	14	151	6e-32	  122
cds.comp110570_c0_seq1	CHOYP_LOC660338.1.1|m.33595	43.53	170	95	1	1	170	211	379	1e-46	  160
cds.comp110573_c0_seq1	CHOYP_RG1BA.1.1|m.10888	71.39	402	112	2	1	400	233	633	0.0	  614
cds.comp110573_c0_seq2	CHOYP_BRAFLDRAFT_131151.2.4|m.23262	31.53	203	117	4	138	337	686	869	2e-23	  103
cds.comp110575_c0_seq2	CHOYP_NEMVEDRAFT_V1G158158.1.1|m.20853	44.44	261	144	1	341	600	224	484	4e-85	  282
cds.comp110578_c0_seq2	CHOYP_LOC100374703.1.1|m.28348	90.46	241	23	0	1	241	363	603	7e-154	  452
cds.comp110590_c1_seq1	CHOYP_LOC100366424.1.1|m.29609	61.69	201	72	2	9	209	347	542	8e-80	  254
cds.comp110593_c0_seq1	CHOYP_APLD.1.1|m.9873	73.60	197	51	1	1	196	337	533	2e-95	  304
cds.comp110595_c0_seq1	CHOYP_LRC40.2.2|m.35584	28.47	288	186	3	17	298	11	284	4e-31	  120
cds.comp110600_c1_seq1	CHOYP_LOC100712443.1.1|m.47291	59.26	108	42	2	2	108	475	581	2e-35	  129
cds.comp110601_c0_seq2	CHOYP_LOC100704608.1.1|m.53781	48.08	156	75	3	1	152	2033	2186	9e-42	  151
cds.comp110603_c1_seq1	CHOYP_VPS8.1.1|m.51272	72.95	366	96	1	1	366	595	957	0.0	  560
cds.comp110621_c0_seq1	CHOYP_LOC100366918.1.1|m.31506	50.83	240	115	3	1	240	1221	1457	3e-74	  249
cds.comp110626_c2_seq1	CHOYP_MTG1.1.1|m.10021	44.17	163	89	2	6	167	156	317	2e-45	  154
cds.comp110629_c0_seq1	CHOYP_DMTF1.2.2|m.19572	52.62	325	150	2	14	337	3	324	7e-111	  349
cds.comp110655_c0_seq2	CHOYP_ECR.1.1|m.28368	58.02	81	33	1	21	100	330	410	2e-24	97.4
cds.comp110675_c0_seq2	CHOYP_LOC100741247.2.2|m.27816	57.03	377	143	9	1	367	692	1059	1e-133	  412
cds.comp110681_c0_seq1	CHOYP_HX1.1.1|m.23716	68.94	161	49	1	1	160	307	467	2e-75	  240
cds.comp110691_c0_seq1	CHOYP_LOC575625.2.2|m.52201	69.14	256	75	2	1	254	1223	1476	8e-118	  370
cds.comp110707_c1_seq1	CHOYP_BRAFLDRAFT_120904.1.1|m.37237	70.94	117	32	1	2	118	937	1051	2e-51	  176
cds.comp110709_c0_seq1	CHOYP_FXL15.2.3|m.55263	54.17	288	124	3	43	327	25	307	4e-105	  314
cds.comp110715_c0_seq1	CHOYP_CAHD1.4.6|m.43905	53.52	142	63	3	3	141	555	696	3e-42	  152
cds.comp110727_c0_seq1	CHOYP_BRAFLDRAFT_208436.4.32|m.22688	33.09	136	90	1	1	136	71	205	4e-21	87.8
cds.comp110736_c0_seq3	CHOYP_LOC100377347.1.1|m.11235	53.75	614	248	16	2	604	204	792	0.0	  545
cds.comp110761_c1_seq1	CHOYP_UBP24.1.1|m.54945	65.77	149	47	2	1	146	2082	2229	2e-55	  192
cds.comp110778_c0_seq1	CHOYP_LOC100548064.1.1|m.40289	41.29	155	83	3	8	161	422	569	4e-35	  131
cds.comp110805_c0_seq2	CHOYP_THSD7B.1.1|m.61601	44.41	367	199	4	1	366	977	1339	1e-100	  330
cds.comp110810_c0_seq1	CHOYP_ARF6.2.2|m.10048	93.18	176	12	0	1	176	1	176	4e-122	  346
cds.comp110827_c0_seq1	CHOYP_AOF.1.1|m.7109	48.48	165	85	0	1	165	335	499	4e-52	  176
cds.comp110834_c1_seq1	CHOYP_N4BP2.1.1|m.9547	51.96	102	49	0	1	102	654	755	8e-31	  117
cds.comp110835_c0_seq1	CHOYP_BDH1.1.1|m.17777	53.76	93	41	1	28	118	27	119	6e-30	  112
cds.comp110892_c0_seq1	CHOYP_BRAFLDRAFT_119296.7.16|m.30417	52.29	153	69	1	1	153	20	168	3e-50	  162
cds.comp110906_c0_seq2	CHOYP_PHUM_PHUM037820.1.1|m.62220	35.06	154	92	3	1	150	2	151	1e-30	  111
cds.comp110909_c0_seq1	CHOYP_BRAFLDRAFT_118762.1.1|m.17903	38.53	231	102	11	3	220	224	427	3e-29	  117
cds.comp110912_c0_seq1	CHOYP_contig_034459|m.39129	40.48	126	74	1	28	152	236	361	4e-27	  107
cds.comp110917_c0_seq1	CHOYP_YETS2.1.1|m.302	56.78	118	49	2	32	149	1059	1174	1e-43	  157
cds.comp110919_c0_seq1	CHOYP_LOC100749506.1.1|m.8950	48.61	323	124	10	1	298	927	1232	2e-83	  278
cds.comp110930_c3_seq1	CHOYP_CIC.2.2|m.58384	80.52	77	15	0	32	108	931	1007	2e-34	  128
cds.comp110949_c0_seq1	CHOYP_ISCW_ISCW016695.1.1|m.41903	42.71	199	105	3	1	199	298	487	2e-47	  166
cds.comp110983_c0_seq1	CHOYP_LOC578260.1.1|m.21677	46.52	187	98	2	1	185	173	359	3e-51	  171
cds.comp110984_c1_seq1	CHOYP_SRC8.1.1|m.40903	72.48	109	30	0	1	109	22	130	3e-52	  169
cds.comp110993_c1_seq1	CHOYP_LOC100376621.1.1|m.5270	55.81	172	74	2	1	172	124	293	8e-54	  178
cds.comp110994_c0_seq2	CHOYP_AADAT.1.1|m.12672	39.02	123	74	1	1	123	300	421	1e-28	  109
cds.comp110995_c0_seq1	CHOYP_LOC100376583.1.1|m.51051	62.30	191	69	1	2	192	307	494	3e-63	  207
cds.comp111001_c1_seq1	CHOYP_MYD88.5.7|m.41603	60.16	128	50	1	7	133	191	318	8e-47	  166
cds.comp111013_c0_seq1	CHOYP_RAPSN.1.1|m.43382	40.00	115	67	1	1	115	313	425	1e-21	90.1
cds.comp111015_c1_seq1	CHOYP_LOC656992.3.3|m.42648	39.81	103	62	0	1	103	120	222	2e-24	95.9
cds.comp111029_c0_seq1	CHOYP_TOP3A.1.2|m.17628	73.05	167	45	0	12	178	22	188	3e-82	  266
cds.comp111037_c1_seq2	CHOYP_LRP6.3.6|m.21850	41.30	276	133	5	1	275	1219	1466	5e-55	  194
cds.comp111057_c0_seq2	CHOYP_VPS11.3.3|m.17579	74.90	494	120	3	8	501	166	655	0.0	  770
cds.comp111057_c1_seq1	CHOYP_VPS11.2.3|m.12430	73.03	89	24	0	1	89	11	99	6e-46	  149
cds.comp111066_c1_seq1	CHOYP_contig_011357|m.13121	40.11	177	80	5	1	153	88	262	2e-37	  137
cds.comp111072_c0_seq1	CHOYP_SHPRH.2.3|m.7526	45.71	140	72	1	14	149	268	407	2e-34	  128
cds.comp111073_c0_seq2	CHOYP_PTPN23.1.1|m.16408	47.22	108	56	1	3	109	2135	2242	7e-26	  105
cds.comp111084_c0_seq1	CHOYP_RECK.1.1|m.39764	43.27	490	262	12	1	478	206	691	7e-125	  390
cds.comp111097_c0_seq1	CHOYP_LOC100539677.1.1|m.1191	46.46	99	46	2	1	97	99	192	4e-23	91.7
cds.comp111103_c0_seq1	CHOYP_PHUM_PHUM210160.1.1|m.203	38.02	121	72	1	3	123	1629	1746	1e-21	92.4
cds.comp111107_c0_seq1	CHOYP_PDP2.2.2|m.50974	46.34	246	125	3	1	242	214	456	1e-69	  226
cds.comp111143_c1_seq1	CHOYP_BLNK.1.1|m.26071	47.41	116	58	2	1	115	144	257	2e-31	  114
cds.comp111152_c0_seq1	CHOYP_PRS33.1.1|m.4196	48.70	154	77	1	1	154	123	274	3e-52	  171
cds.comp111155_c0_seq1	CHOYP_CHD1L.1.1|m.15962	77.47	182	41	0	1	182	369	550	4e-88	  281
cds.comp111155_c0_seq3	CHOYP_ARIP4.1.3|m.5788	41.03	117	67	1	15	129	90	206	6e-22	91.3
cds.comp111197_c1_seq1	CHOYP_BRAFLDRAFT_63676.1.1|m.37146	75.97	129	31	0	1	129	140	268	2e-68	  217
cds.comp111202_c1_seq1	CHOYP_PLCL2.1.1|m.62311	89.74	156	16	0	1	156	677	832	4e-97	  305
cds.comp111213_c0_seq1	CHOYP_LOC100655005.1.1|m.51334	50.00	118	53	2	1	112	1584	1701	3e-32	  122
cds.comp111217_c0_seq1	CHOYP_RPC6.1.2|m.10259	73.25	314	79	3	1	310	1	313	2e-165	  468
cds.comp111219_c1_seq1	CHOYP_LOC583590.1.1|m.49388	52.34	128	61	0	1	128	23	150	6e-46	  154
cds.comp111230_c2_seq3	CHOYP_MS3L1.1.1|m.8778	45.58	294	140	4	1	278	1	290	8e-82	  260
cds.comp111240_c1_seq1	CHOYP_MYCB2.1.2|m.13017	52.94	136	60	2	49	181	4388	4522	4e-42	  154
cds.comp111242_c2_seq1	CHOYP_LOC100369444.1.1|m.18613	71.60	169	38	3	33	201	178	336	1e-66	  219
cds.comp111246_c0_seq1	CHOYP_ISCW_ISCW017338.1.1|m.2478	60.19	515	199	3	31	543	19	529	0.0	  587
cds.comp111254_c0_seq1	CHOYP_DOCK1.2.2|m.61345	69.48	154	45	2	1	153	311	463	3e-67	  224
cds.comp111254_c1_seq1	CHOYP_DOCK3.1.2|m.49353	32.89	149	97	2	7	153	46	193	1e-22	96.7
cds.comp111268_c0_seq1	CHOYP_LOC100376482.3.7|m.10316	45.38	119	64	1	8	125	318	436	4e-30	  115
cds.comp111280_c0_seq1	CHOYP_LMBL3.1.1|m.14251	52.29	306	136	3	35	333	772	1074	3e-109	  350
cds.comp111284_c0_seq1	CHOYP_NEMVEDRAFT_V1G208189.1.1|m.9989	37.44	211	127	2	3	210	290	498	9e-30	  115
cds.comp111297_c0_seq1	CHOYP_GNAS.1.3|m.24858	44.13	179	95	2	2	177	12	188	1e-43	  153
cds.comp111297_c1_seq2	CHOYP_GNAS.3.3|m.55756	89.06	192	21	0	1	192	188	379	6e-125	  362
cds.comp111340_c1_seq1	CHOYP_LOC100372290.2.2|m.40459	55.10	245	98	3	1	239	60	298	5e-60	  196
cds.comp111341_c0_seq2	CHOYP_ECD.1.1|m.61798	54.17	120	44	5	2	113	296	412	2e-26	  104
cds.comp111357_c0_seq1	CHOYP_LOC100633143.1.1|m.14679	51.97	127	59	1	2	128	128	252	2e-43	  147
cds.comp111358_c0_seq1	CHOYP_BRAFLDRAFT_215186.1.1|m.10642	58.61	505	194	6	5	502	4	500	0.0	  590
cds.comp111369_c0_seq1	CHOYP_FRAS1.4.4|m.53687	54.39	114	52	0	1	114	493	606	9e-38	  138
cds.comp111387_c0_seq1	CHOYP_BRAFLDRAFT_214348.1.2|m.42797	87.30	126	16	0	1	126	261	386	8e-69	  226
cds.comp111427_c1_seq1	CHOYP_BRAFLDRAFT_240864.1.1|m.24434	67.32	254	72	2	1	246	163	413	3e-126	  371
cds.comp111442_c1_seq1	CHOYP_LOC100537145.1.3|m.17301	32.53	289	182	8	10	288	1	286	9e-32	  122
cds.comp111458_c0_seq6	CHOYP_VMP1.1.1|m.34831	69.50	400	121	1	13	411	3	402	0.0	  573
cds.comp111459_c0_seq1	CHOYP_LOC100871946.1.1|m.54244	37.23	137	76	2	1	137	519	645	4e-23	97.1
cds.comp111461_c1_seq1	CHOYP_VPS51.1.1|m.43266	75.46	216	53	0	5	220	8	223	9e-116	  352
cds.comp111481_c0_seq1	CHOYP_LOC100375266.1.1|m.6535	55.56	153	64	3	2	151	579	730	1e-43	  155
cds.comp111492_c0_seq1	CHOYP_NRG.1.1|m.10622	64.42	104	36	1	43	146	68	170	2e-40	  147
cds.comp111498_c1_seq1	CHOYP_RFFL.1.1|m.54979	54.07	172	70	3	89	255	242	409	2e-53	  181
cds.comp111512_c1_seq1	CHOYP_WDR26.1.1|m.43030	68.15	135	34	1	1	135	213	338	8e-52	  175
cds.comp111546_c0_seq1	CHOYP_LOC100536294.1.1|m.15947	45.83	168	81	2	1	165	239	399	4e-40	  143
cds.comp111552_c0_seq1	CHOYP_IDE.1.3|m.8450	60.26	385	146	2	1	381	641	1022	3e-166	  496
cds.comp111565_c0_seq1	CHOYP_NEMVEDRAFT_V1G162565.1.1|m.55821	67.48	123	40	0	2	124	126	248	1e-49	  164
cds.comp111572_c0_seq1	CHOYP_ISCW_ISCW016695.1.1|m.41903	58.16	98	41	0	1	98	84	181	2e-34	  125
cds.comp111577_c0_seq1	CHOYP_LOC100374274.2.3|m.27036	50.65	231	79	7	1	201	119	344	2e-60	  204
cds.comp111594_c1_seq1	CHOYP_MALT1.1.1|m.53909	39.50	200	121	0	8	207	588	787	1e-42	  154
cds.comp111599_c0_seq1	CHOYP_LOC100370965.1.1|m.13129	62.98	181	63	4	1	179	55	233	9e-76	  240
cds.comp111606_c1_seq1	CHOYP_PP1RB.1.2|m.40942	57.55	106	39	2	1	103	1	103	1e-28	  103
cds.comp111657_c1_seq1	CHOYP_PHUM_PHUM378040.1.1|m.15341	44.94	158	78	3	35	191	683	832	8e-27	  109
cds.comp111661_c0_seq1	CHOYP_LOC100640206.1.1|m.48266	68.05	169	51	2	1	166	4	172	2e-78	  240
cds.comp111678_c3_seq1	CHOYP_LOC594646.2.2|m.38865	45.92	98	53	0	1	98	335	432	3e-27	  104
cds.comp111683_c0_seq1	CHOYP_ZNF836.1.1|m.17328	46.67	135	70	1	6	140	445	577	1e-38	  140
cds.comp111703_c0_seq1	CHOYP_NEMVEDRAFT_V1G242153.1.4|m.7718	55.86	145	64	0	5	149	15	159	3e-60	  187
cds.comp111704_c0_seq1	CHOYP_CPIPJ_CPIJ004840.1.1|m.3309	47.35	264	125	5	12	270	70	324	1e-78	  250
cds.comp111706_c0_seq1	CHOYP_contig_015345|m.17869	43.80	137	55	4	20	144	417	543	3e-24	99.8
cds.comp111723_c0_seq2	CHOYP_DOCK1.2.2|m.61345	55.95	252	103	3	16	259	794	1045	2e-79	  264
cds.comp111726_c0_seq1	CHOYP_NR2CA.1.1|m.40388	57.48	127	53	1	7	133	32	157	1e-46	  152
cds.comp111730_c0_seq1	CHOYP_AGAP_AGAP007259.1.1|m.54356	53.01	183	76	6	21	195	28	208	8e-49	  161
cds.comp111752_c1_seq1	CHOYP_LOC100549486.1.1|m.54965	58.48	224	74	5	41	257	230	441	2e-67	  223
cds.comp111767_c1_seq1	CHOYP_ISCW_ISCW018108.1.1|m.43365	72.04	211	56	2	1	211	99	306	2e-91	  288
cds.comp111793_c0_seq1	CHOYP_LOC100367272.3.5|m.22337	46.94	98	50	2	2	99	36	131	4e-29	  105
cds.comp111814_c0_seq1	CHOYP_NEUL4.2.2|m.54340	61.36	176	68	0	1	176	1275	1450	7e-72	  238
cds.comp111825_c0_seq1	CHOYP_LOC586835.1.1|m.9969	83.24	173	29	0	1	173	1	173	2e-107	  309
cds.comp111827_c1_seq1	CHOYP_MYO3AL.1.1|m.8123	55.38	130	52	4	4	127	797	926	5e-35	  130
cds.comp111848_c0_seq1	CHOYP_PTN11.4.4|m.62827	64.97	294	99	3	1	290	139	432	2e-134	  398
cds.comp111865_c0_seq2	CHOYP_LOC100374352.3.3|m.28604	48.33	180	87	3	1	177	282	458	1e-53	  182
cds.comp111866_c0_seq1	CHOYP_LOC100375955.1.1|m.9940	69.41	170	49	1	1	170	294	460	2e-77	  247
cds.comp111886_c1_seq1	CHOYP_GIPC1.1.1|m.60630	77.08	192	43	1	1	192	159	349	6e-103	  305
cds.comp111889_c0_seq1	CHOYP_TRPM3.1.7|m.9000	46.75	169	64	6	41	200	1522	1673	2e-27	  112
cds.comp111896_c1_seq1	CHOYP_LTN1.1.2|m.7693	37.74	159	80	5	1	152	520	666	2e-26	  107
cds.comp111897_c0_seq2	CHOYP_LOC100371136.4.5|m.53953	32.34	167	108	4	4	168	547	710	4e-24	  100
cds.comp111902_c2_seq1	CHOYP_BRAFLDRAFT_243769.1.1|m.19236	58.99	139	56	1	25	162	32	170	3e-57	  184
cds.comp111906_c0_seq1	CHOYP_LOC576953.1.1|m.7037	43.88	278	154	2	1	276	178	455	2e-72	  238
cds.comp111918_c0_seq1	CHOYP_LOC100369519.1.1|m.56988	56.97	165	71	0	1	165	129	293	3e-58	  196
cds.comp111933_c0_seq2	CHOYP_contig_038807|m.43914	36.11	180	104	5	24	194	16	193	1e-21	92.0
cds.comp111937_c1_seq1	CHOYP_ARNT.1.1|m.19078	94.00	100	6	0	1	100	81	180	3e-63	  206
cds.comp111944_c0_seq1	CHOYP_BRAFLDRAFT_213587.1.1|m.51383	52.99	251	92	5	2	249	312	539	3e-80	  265
cds.comp111963_c0_seq1	CHOYP_LOC100376719.1.1|m.66046	73.24	142	38	0	1	142	166	307	8e-73	  224
cds.comp111991_c0_seq1	CHOYP_LOC100375107.2.4|m.15902	68.66	217	68	0	1	217	2337	2553	3e-101	  325
cds.comp112007_c0_seq1	CHOYP_LOC100370913.1.1|m.19909	54.62	130	56	2	1	129	401	528	5e-39	  143
cds.comp112022_c0_seq1	CHOYP_LOC591417.2.2|m.32373	62.02	129	48	1	1	128	1568	1696	1e-51	  179
cds.comp112038_c1_seq1	CHOYP_BRAFLDRAFT_115611.1.1|m.33392	77.04	196	45	0	1	196	266	461	2e-115	  341
cds.comp112084_c0_seq1	CHOYP_LOC408471.1.1|m.46732	46.15	130	61	3	4	124	200	329	1e-24	  100
cds.comp112088_c1_seq1	CHOYP_LOC100168017.1.1|m.40316	42.65	136	78	0	1	136	117	252	3e-31	  116
cds.comp112092_c1_seq1	CHOYP_LOC590838.1.1|m.24953	56.86	153	66	0	8	160	441	593	5e-56	  189
cds.comp112104_c0_seq1	CHOYP_LOC584481.5.10|m.52126	73.16	313	82	1	1	311	422	734	4e-164	  479
cds.comp112113_c0_seq1	CHOYP_DOCK3.2.2|m.59250	40.99	161	91	2	1	161	648	804	4e-28	  112
cds.comp112119_c0_seq1	CHOYP_HGFAC.1.1|m.5902	33.94	330	172	8	9	299	11	333	1e-51	  176
cds.comp112120_c1_seq1	CHOYP_DFI8A.1.1|m.28916	64.35	115	41	0	1	115	201	315	5e-49	  166
cds.comp112133_c0_seq2	CHOYP_LOC100710792.1.1|m.24514	50.23	215	106	1	1	214	30	244	3e-77	  238
cds.comp112138_c0_seq1	CHOYP_LOC101072367.1.1|m.54105	36.53	167	93	2	1	166	517	671	6e-32	  122
cds.comp112142_c0_seq1	CHOYP_GTF3A.1.1|m.2567	48.46	130	60	1	3	132	36	158	6e-34	  124
cds.comp112161_c0_seq1	CHOYP_RGD1309762.1.1|m.47917	77.49	191	42	1	4	193	1	191	2e-97	  313
cds.comp112162_c1_seq1	CHOYP_LOC100313668.1.6|m.23636	33.82	136	88	1	1	134	893	1028	6e-22	93.6
cds.comp112180_c0_seq1	CHOYP_LOC100367317.1.1|m.53116	42.09	297	149	8	9	292	71	357	2e-44	  165
cds.comp112181_c0_seq1	CHOYP_LOC100375647.2.2|m.63362	54.97	151	67	1	1	150	101	251	2e-57	  184
cds.comp112183_c1_seq1	CHOYP_BRAFLDRAFT_67662.1.1|m.3006	69.39	147	45	0	1	147	32	178	4e-71	  220
cds.comp112187_c1_seq1	CHOYP_LOC101173404.1.1|m.27554	62.28	114	43	0	2	115	218	331	3e-46	  155
cds.comp112189_c1_seq1	CHOYP_LOC100372028.1.1|m.22341	86.18	123	16	1	1	122	1138	1260	8e-68	  224
cds.comp112213_c0_seq2	CHOYP_TGM1.1.2|m.5148	57.14	196	76	3	1	188	264	459	2e-69	  228
cds.comp112220_c0_seq2	CHOYP_VPS18.1.1|m.38708	66.94	245	80	1	1	245	135	378	5e-116	  358
cds.comp112222_c1_seq1	CHOYP_NPL.1.3|m.4064	45.45	88	48	0	8	95	205	292	1e-23	94.0
cds.comp112227_c0_seq1	CHOYP_LDB3.1.1|m.371	42.29	175	74	8	225	376	621	791	2e-28	  119
cds.comp112227_c0_seq2	CHOYP_contig_009255|m.10766	44.87	341	142	13	225	530	406	735	2e-68	  238
cds.comp112227_c0_seq4	CHOYP_contig_022963|m.26169	61.39	101	35	2	196	296	70	166	2e-32	  122
cds.comp112235_c0_seq1	CHOYP_BRAFLDRAFT_106560.11.14|m.48029	43.75	112	63	0	1	112	187	298	4e-26	  104
cds.comp112257_c0_seq1	CHOYP_ARI2.1.1|m.34963	92.59	162	12	0	1	162	329	490	3e-108	  323
cds.comp112275_c0_seq1	CHOYP_LOC100374085.1.1|m.66677	42.72	103	58	1	49	150	1	103	3e-21	85.9
cds.comp112275_c0_seq2	CHOYP_LOC100181350.1.1|m.2782	57.59	158	59	3	2	154	1143	1297	1e-51	  179
cds.comp112279_c1_seq1	CHOYP_ATG2A.1.1|m.57169	46.25	160	78	3	2	159	1431	1584	1e-36	  137
cds.comp112295_c0_seq1	CHOYP_contig_052993|m.63573	31.72	227	110	2	1	227	24	205	4e-34	  127
cds.comp112295_c0_seq2	CHOYP_TVAG_007510.1.2|m.45566	38.76	129	75	3	117	244	659	784	2e-24	  103
cds.comp112311_c0_seq1	CHOYP_LOC100493788.1.1|m.41774	49.58	240	117	4	1	238	1363	1600	2e-71	  241
cds.comp112313_c0_seq1	CHOYP_SMO.1.1|m.55093	64.05	153	55	0	1	153	292	444	2e-65	  216
cds.comp112328_c0_seq1	CHOYP_SYVC.1.1|m.14588	61.01	218	85	0	1	218	298	515	4e-93	  288
cds.comp112330_c0_seq1	CHOYP_LOC100874620.1.1|m.23782	56.98	179	40	6	15	186	64	212	3e-53	  182
cds.comp112334_c0_seq1	CHOYP_CHMP3.1.1|m.65684	73.06	219	56	3	17	235	1	216	1e-98	  290
cds.comp112369_c2_seq2	CHOYP_BRAFLDRAFT_117849.3.3|m.5503	42.76	297	157	6	1	289	455	746	3e-64	  218
cds.comp112372_c0_seq1	CHOYP_contig_006588|m.7499	47.16	176	92	1	1	176	422	596	7e-51	  178
cds.comp112395_c0_seq2	CHOYP_LOC660278.2.2|m.22516	37.87	235	142	2	29	263	160	390	1e-40	  152
cds.comp112410_c0_seq2	CHOYP_LOC100371299.1.1|m.8007	73.21	209	55	1	4	212	350	557	1e-101	  325
cds.comp112422_c0_seq1	CHOYP_BRAFLDRAFT_123981.1.1|m.9319	37.71	175	101	3	2	171	1194	1365	1e-31	  122
cds.comp112432_c0_seq1	CHOYP_AGAP_AGAP002021.1.1|m.42135	39.50	200	118	2	49	246	80	278	9e-40	  142
cds.comp112439_c2_seq1	CHOYP_LOC100917573.1.1|m.44457	77.88	113	25	0	14	126	434	546	1e-60	  197
cds.comp112443_c1_seq1	CHOYP_SDK2.1.1|m.7297	53.85	104	45	2	1	102	757	859	2e-27	  108
cds.comp112447_c0_seq1	CHOYP_LOC100640167.1.1|m.43324	34.15	246	153	5	1	241	265	506	3e-40	  153
cds.comp112463_c1_seq1	CHOYP_ATP7A.1.1|m.23099	57.32	157	62	3	1	152	133	289	8e-49	  171
cds.comp112471_c0_seq1	CHOYP_PHUM_PHUM234540.1.1|m.9211	65.11	278	94	1	4	281	5	279	4e-136	  390
cds.comp112472_c0_seq2	CHOYP_CSKP.2.2|m.33800	75.21	242	60	0	1	242	492	733	4e-132	  398
cds.comp112489_c0_seq1	CHOYP_BRAFLDRAFT_72535.1.1|m.7201	63.50	137	43	3	2	133	19	153	7e-52	  169
cds.comp112496_c1_seq1	CHOYP_LOC100889329.1.1|m.65517	81.95	266	43	4	1	264	203	465	2e-147	  435
cds.comp112503_c0_seq1	CHOYP_BRAFLDRAFT_65689.1.1|m.17516	61.16	430	144	6	1	426	769	1179	2e-166	  505
cds.comp112515_c1_seq1	CHOYP_LOC100900429.1.1|m.13158	27.24	246	167	5	1	243	185	421	2e-28	  112
cds.comp112519_c0_seq1	CHOYP_SCMH1.1.1|m.1166	63.70	135	45	3	1	133	1	133	3e-52	  176
cds.comp112527_c0_seq2	CHOYP_BIVM.3.3|m.63239	68.33	120	38	0	26	145	80	199	6e-59	  188
cds.comp112529_c1_seq1	CHOYP_TRPV5.3.3|m.52263	42.61	115	64	1	1	115	105	217	1e-21	91.3
cds.comp112531_c0_seq1	CHOYP_CTL2.1.2|m.3857	55.45	110	49	0	7	116	282	391	1e-38	  139
cds.comp112532_c0_seq2	CHOYP_LOC756773.1.1|m.18230	37.91	401	227	9	36	415	47	446	4e-84	  270
cds.comp112549_c1_seq1	CHOYP_BRAFLDRAFT_119712.1.1|m.49642	45.96	198	97	4	30	226	120	308	5e-54	  179
cds.comp112560_c0_seq1	CHOYP_BRAFLDRAFT_124956.1.1|m.17700	53.64	110	51	0	1	110	227	336	8e-38	  134
cds.comp112578_c0_seq1	CHOYP_LOC101173537.1.1|m.20188	52.14	117	54	1	1	115	730	846	2e-31	  120
cds.comp112584_c0_seq1	CHOYP_DVIR_GJ12450.1.1|m.8873	82.78	151	26	0	1	151	86	236	5e-91	  268
cds.comp112595_c0_seq1	CHOYP_BRAFLDRAFT_88208.1.3|m.2572	31.38	188	123	4	2	188	1663	1845	1e-23	  100
cds.comp112669_c3_seq1	CHOYP_TTC8.1.1|m.35457	85.29	136	20	0	1	136	275	410	6e-83	  255
cds.comp112676_c0_seq1	CHOYP_LOC100640513.1.1|m.51191	43.20	125	66	4	2	125	402	522	4e-24	97.8
cds.comp112681_c0_seq1	CHOYP_LOC100879052.1.1|m.53743	46.51	301	139	6	6	304	71	351	3e-84	  262
cds.comp112685_c0_seq1	CHOYP_LOC577371.1.2|m.46335	67.43	307	94	3	2	308	1041	1341	4e-130	  413
cds.comp112712_c1_seq1	CHOYP_LOC580832.1.1|m.66146	86.29	175	24	0	1	175	157	331	3e-113	  333
cds.comp112724_c1_seq1	CHOYP_LOC100546505.1.1|m.25912	44.89	323	161	5	1	318	6	316	3e-81	  274
cds.comp112739_c0_seq2	CHOYP_BRAFLDRAFT_90929.1.1|m.54454	42.44	344	157	8	1	319	1	328	3e-71	  244
cds.comp112754_c0_seq1	CHOYP_BRAFLDRAFT_282135.1.1|m.55919	57.83	166	69	1	4	169	141	305	4e-59	  190
cds.comp112755_c0_seq1	CHOYP_P4HA1.2.5|m.12778	48.78	123	53	2	1	115	13	133	1e-34	  119
cds.comp112755_c1_seq1	CHOYP_PHUM_PHUM445570.1.1|m.18708	51.17	213	93	3	1	203	168	379	1e-64	  212
cds.comp112790_c0_seq1	CHOYP_FMN2.1.1|m.54926	60.00	140	55	1	3	142	311	449	4e-54	  180
cds.comp112823_c0_seq1	CHOYP_LOC100375368.1.1|m.48556	82.24	366	64	1	1	365	106	471	0.0	  649
cds.comp112823_c0_seq2	CHOYP_LOC100375368.1.1|m.48556	83.73	338	55	0	1	338	106	443	0.0	  614
cds.comp112828_c0_seq2	CHOYP_SPRY3.1.1|m.39963	43.93	305	151	5	27	322	50	343	9e-79	  251
cds.comp112840_c0_seq2	CHOYP_THSD7B.1.1|m.61601	38.27	405	237	7	1	404	579	971	1e-76	  262
cds.comp112867_c0_seq1	CHOYP_LOC100374509.1.1|m.338	82.35	119	21	0	1	119	27	145	6e-65	  207
cds.comp112889_c0_seq1	CHOYP_LOC100699161.1.1|m.35139	75.52	143	35	0	22	164	8	150	1e-56	  191
cds.comp112891_c2_seq1	CHOYP_LOC100164363.1.1|m.61731	70.51	78	23	0	1	78	112	189	4e-33	  120
cds.comp112914_c1_seq2	CHOYP_CASP7.11.23|m.26574	58.14	258	96	3	4	254	36	288	2e-102	  305
cds.comp112916_c0_seq2	CHOYP_MYO1E.1.1|m.49109	53.59	237	86	7	1	216	887	1120	3e-57	  197
cds.comp112918_c1_seq1	CHOYP_NMNA1.1.1|m.36046	75.00	116	29	0	13	128	173	288	3e-56	  182
cds.comp112962_c0_seq1	CHOYP_LOC100633470.1.1|m.55019	46.05	152	81	1	14	165	295	445	3e-38	  138
cds.comp112966_c1_seq1	CHOYP_LOC100366892.3.3|m.66686	94.70	132	7	0	1	132	57	188	6e-91	  270
cds.comp112966_c2_seq1	CHOYP_LOC754102.1.1|m.57574	90.83	109	10	0	1	109	69	177	4e-61	  189
cds.comp112972_c0_seq1	CHOYP_LOC100367237.2.2|m.47349	46.81	141	74	1	1	141	3235	3374	3e-34	  129
cds.comp112972_c0_seq2	CHOYP_PHUM_PHUM226120.7.7|m.54053	43.33	120	68	0	8	127	3948	4067	5e-30	  117
cds.comp112981_c1_seq1	CHOYP_LOC100892111.1.1|m.35231	52.94	102	48	0	3	104	118	219	2e-35	  124
cds.comp112985_c0_seq1	CHOYP_LRIG3.2.3|m.35347	49.00	200	99	2	13	209	13	212	1e-50	  179
cds.comp113008_c1_seq1	CHOYP_ZN493.1.1|m.529	51.32	189	91	1	1	189	433	620	6e-62	  210
cds.comp113012_c0_seq2	CHOYP_SASB.2.3|m.37538	52.24	134	49	3	12	141	285	407	6e-34	  125
cds.comp113012_c0_seq3	CHOYP_CEL.1.3|m.10583	39.22	153	85	5	1	148	15	164	3e-24	97.8
cds.comp113020_c0_seq3	CHOYP_LOC100033222.1.1|m.35407	32.44	299	122	8	14	245	10	295	5e-25	  106
cds.comp113020_c0_seq4	CHOYP_LOC583607.4.4|m.54241	37.06	197	71	5	14	170	10	193	5e-24	  102
cds.comp113038_c0_seq1	CHOYP_LOC100892888.1.1|m.33763	37.79	262	148	6	6	262	118	369	3e-38	  145
cds.comp113043_c2_seq1	CHOYP_LOC100558121.1.1|m.6905	64.17	120	34	1	14	133	548	658	1e-49	  174
cds.comp113045_c0_seq1	CHOYP_BRAFLDRAFT_215302.1.1|m.13402	70.97	124	36	0	1	124	350	473	2e-57	  190
cds.comp113045_c1_seq1	CHOYP_BRAFLDRAFT_215302.1.1|m.13402	68.91	119	37	0	1	119	222	340	2e-54	  182
cds.comp113055_c0_seq1	CHOYP_LOC101155522.1.1|m.45101	56.15	317	119	5	4	303	75	388	2e-93	  293
cds.comp113070_c1_seq1	CHOYP_BRAFLDRAFT_120481.1.1|m.12564	66.09	115	38	1	1	115	256	369	1e-51	  170
cds.comp113078_c0_seq1	CHOYP_VP13D.1.3|m.53042	59.80	204	80	1	42	245	2305	2506	9e-75	  251
cds.comp113091_c3_seq1	CHOYP_LOC100374734.1.1|m.18442	60.33	121	47	1	1	120	463	583	2e-44	  154
cds.comp113097_c0_seq1	CHOYP_HIAT1.1.1|m.63549	74.04	104	25	1	1	104	316	417	2e-42	  147
cds.comp113098_c1_seq1	CHOYP_LOC100900935.1.1|m.56691	77.55	294	55	2	1	294	567	849	3e-156	  466
cds.comp113101_c0_seq2	CHOYP_ISCW_ISCW023508.1.1|m.1233	36.99	146	86	4	7	148	207	350	3e-25	  100
cds.comp113107_c0_seq1	CHOYP_RN185.2.2|m.65170	77.78	171	37	1	20	189	13	183	2e-97	  284
cds.comp113123_c0_seq1	CHOYP_LOC100871946.1.1|m.54244	61.17	103	40	0	4	106	722	824	1e-40	  146
cds.comp113126_c0_seq1	CHOYP_ISCW_ISCW017519.1.2|m.935	76.72	116	27	0	1	116	358	473	5e-62	  199
cds.comp113127_c0_seq1	CHOYP_BRAFLDRAFT_119901.1.1|m.7089	85.31	177	26	0	1	177	352	528	8e-102	  318
cds.comp113137_c1_seq1	CHOYP_ALS2.1.3|m.33568	37.50	168	100	3	4	170	7	170	1e-31	  123
cds.comp113158_c0_seq1	CHOYP_RLA0.3.7|m.42195	52.86	227	101	3	1	224	22	245	4e-82	  253
cds.comp113160_c0_seq1	CHOYP_IRF1.1.3|m.52606	73.42	79	21	0	28	106	117	195	1e-41	  147
cds.comp113195_c2_seq1	CHOYP_LOC100533297.1.1|m.14638	37.63	186	114	2	1	185	231	415	9e-35	  130
cds.comp113199_c0_seq1	CHOYP_MBCDH18.1.1|m.34344	52.40	292	137	2	1	291	5926	6216	8e-96	  314
cds.comp113217_c0_seq1	CHOYP_ASCC3.1.1|m.51755	76.74	215	50	0	1	215	1088	1302	2e-116	  368
cds.comp113227_c1_seq1	CHOYP_DERE_GG19936.1.1|m.8894	69.30	114	35	0	1	114	317	430	4e-50	  170
cds.comp113237_c1_seq1	CHOYP_WDR59.3.5|m.39120	41.87	492	229	13	3	456	29	501	1e-109	  340
cds.comp113242_c0_seq1	CHOYP_MCM9.1.1|m.24676	52.91	189	89	0	16	204	36	224	2e-66	  223
cds.comp113299_c0_seq1	CHOYP_LOC583607.3.4|m.30972	68.75	112	35	0	1	112	86	197	5e-45	  158
cds.comp113323_c0_seq1	CHOYP_MATN1.3.5|m.46206	54.26	188	81	3	30	214	1089	1274	2e-59	  205
cds.comp113349_c1_seq2	CHOYP_BRAFLDRAFT_199459.1.1|m.16546	56.52	161	70	0	1	161	544	704	7e-57	  192
cds.comp113354_c1_seq1	CHOYP_BRAFLDRAFT_118535.5.8|m.53809	32.87	791	455	14	9	740	2281	3054	3e-127	  423
cds.comp113357_c1_seq1	CHOYP_contig_001932|m.2147	40.84	191	111	2	8	197	152	341	3e-46	  159
cds.comp113363_c0_seq1	CHOYP_LOC100368821.2.7|m.37016	29.33	208	110	8	1	185	436	629	2e-21	93.2
cds.comp113363_c0_seq3	CHOYP_LOC100367581.2.3|m.38409	33.92	171	103	5	7	168	887	1056	2e-21	92.8
cds.comp113383_c0_seq2	CHOYP_ZRANB3.1.1|m.17041	63.46	156	54	1	3	155	395	550	3e-64	  215
cds.comp113392_c0_seq1	CHOYP_BRAFLDRAFT_74381.1.1|m.17751	58.80	216	89	0	16	231	304	519	1e-78	  256
cds.comp113427_c0_seq1	CHOYP_ELMO1.1.1|m.59285	50.81	124	57	2	12	134	1	121	2e-32	  122
cds.comp113439_c0_seq1	CHOYP_CELE_F15H10.7.1.1|m.59177	51.85	108	48	3	1	108	194	297	7e-29	  110
cds.comp113471_c0_seq1	CHOYP_LOC100371084.3.4|m.33416	52.82	195	89	2	1	194	96	288	4e-66	  219
cds.comp113471_c1_seq1	CHOYP_LOC100371084.2.4|m.23474	44.06	143	77	2	2	142	30	171	1e-32	  123
cds.comp113479_c0_seq11	CHOYP_LOC100367864.2.3|m.13639	41.52	525	221	23	1	490	719	1192	5e-88	  298
cds.comp113488_c1_seq1	CHOYP_PTHB1.1.1|m.35678	72.85	151	41	0	1	151	3	153	5e-79	  254
cds.comp113496_c0_seq1	CHOYP_LOC100372393.1.1|m.12043	57.33	150	59	4	2	147	330	478	1e-46	  162
cds.comp113499_c0_seq1	CHOYP_BTBD2.1.1|m.59696	84.40	282	44	0	1	282	170	451	1e-174	  499
cds.comp113518_c0_seq1	CHOYP_KPBB.2.2|m.46100	70.68	191	56	0	3	193	913	1103	7e-89	  285
cds.comp113518_c1_seq1	CHOYP_LOC100368228.3.3|m.54183	33.16	187	114	5	34	210	795	980	8e-21	92.4
cds.comp113541_c0_seq1	CHOYP_AAEL_AAEL014931.1.1|m.24932	54.73	148	60	3	1	146	647	789	3e-42	  151
cds.comp113554_c0_seq1	CHOYP_ZFP62.1.1|m.10845	40.64	251	145	3	1	249	840	1088	7e-55	  192
cds.comp113584_c0_seq2	CHOYP_LOC100893270.3.3|m.44116	42.22	135	73	2	8	141	16	146	1e-28	  105
cds.comp113588_c0_seq1	CHOYP_CHKA.1.1|m.25454	48.39	93	42	1	10	96	316	408	4e-25	98.6
cds.comp113598_c0_seq1	CHOYP_CRYD.1.1|m.65088	78.74	174	37	0	1	174	308	481	7e-99	  298
cds.comp113622_c0_seq1	CHOYP_E2F3.1.1|m.15290	55.88	170	63	7	3	164	1	166	1e-39	  141
cds.comp113629_c0_seq2	CHOYP_RTTN.3.3|m.54096	52.63	228	92	6	8	225	41	262	5e-58	  201
cds.comp113631_c0_seq1	CHOYP_BRAFLDRAFT_71623.2.2|m.38827	78.60	229	44	1	12	240	548	771	2e-121	  370
cds.comp113653_c0_seq2	CHOYP_LOC100541322.1.1|m.43256	55.84	231	86	4	1	230	16	231	3e-88	  264
cds.comp113654_c0_seq1	CHOYP_LOC100744637.1.1|m.55029	69.40	268	80	2	1	267	259	525	6e-122	  384
cds.comp113672_c0_seq1	CHOYP_PITM2.1.2|m.549	54.17	120	35	1	1	120	209	308	4e-33	  126
cds.comp113690_c0_seq1	CHOYP_ERMP1.1.1|m.24986	42.86	112	61	3	4	115	173	281	1e-20	87.8
cds.comp113691_c0_seq1	CHOYP_LOC577357.1.1|m.19189	51.72	261	126	0	3	263	304	564	5e-88	  276
cds.comp113737_c0_seq3	CHOYP_UBIQP.4.13|m.19914	72.00	75	20	1	50	124	3	76	1e-28	  109
cds.comp113749_c0_seq2	CHOYP_LOC567534.1.1|m.51204	60.15	133	51	1	1	133	654	784	3e-38	  139
cds.comp113776_c0_seq1	CHOYP_LOC100880727.1.1|m.56042	57.47	348	145	2	1	348	290	634	2e-126	  387
cds.comp113786_c0_seq1	CHOYP_LOC100749345.1.1|m.40037	54.34	173	75	2	7	176	1807	1978	7e-36	  135
cds.comp113814_c1_seq1	CHOYP_EGFR.1.3|m.30285	50.66	152	70	3	2	151	226	374	1e-41	  150
cds.comp113815_c1_seq1	CHOYP_SAC1.1.1|m.40164	68.07	285	91	0	1	285	123	407	3e-148	  433
cds.comp113864_c1_seq1	CHOYP_LOC590125.4.7|m.40449	48.61	144	66	5	1	142	25	162	5e-28	  105
cds.comp113868_c0_seq1	CHOYP_LOC100553663.1.1|m.58460	61.54	182	67	1	2	180	247	428	9e-79	  255
cds.comp113871_c0_seq4	CHOYP_BRAFLDRAFT_81364.2.3|m.30348	45.11	133	73	0	1	133	433	565	5e-39	  139
cds.comp113875_c1_seq1	CHOYP_BRAFLDRAFT_199337.1.1|m.25508	78.10	137	29	1	1	137	61	196	6e-74	  223
cds.comp113903_c0_seq1	CHOYP_DCR1C.1.1|m.35498	49.51	307	136	3	1	300	1	295	3e-92	  293
cds.comp113914_c0_seq1	CHOYP_ARMC9.1.1|m.57265	67.26	168	55	0	1	168	5	172	3e-75	  244
cds.comp113927_c0_seq1	CHOYP_BRAFLDRAFT_125270.1.1|m.2429	44.74	152	84	0	2	153	231	382	1e-41	  150
cds.comp113927_c1_seq1	CHOYP_LOC100179142.1.1|m.26402	38.83	206	89	4	12	190	373	568	1e-35	  132
cds.comp113931_c1_seq1	CHOYP_LOC100366906.1.1|m.61901	58.56	748	286	12	2	736	175	911	0.0	  833
cds.comp113931_c1_seq3	CHOYP_LOC100182352.2.2|m.64092	45.29	700	356	16	5	687	173	862	0.0	  555
cds.comp113931_c1_seq5	CHOYP_LOC100374159.1.2|m.40777	36.24	287	170	9	251	528	18	300	1e-52	  189
cds.comp113938_c0_seq2	CHOYP_BRAFLDRAFT_251779.1.2|m.6830	52.67	131	62	0	1	131	648	778	2e-38	  140
cds.comp11393_c0_seq1	CHOYP_LOC100636158.1.1|m.44452	39.34	122	70	1	5	122	1700	1821	5e-22	93.2
cds.comp113954_c1_seq2	CHOYP_RN103.1.1|m.60665	45.08	122	63	2	1	120	65	184	3e-27	  106
cds.comp113955_c0_seq1	CHOYP_LOC574811.1.2|m.36266	30.65	336	210	6	31	359	1159	1478	5e-43	  164
cds.comp113955_c1_seq1	CHOYP_SOS1.1.1|m.52801	72.30	379	102	3	1	377	269	646	0.0	  561
cds.comp113970_c1_seq1	CHOYP_OSBL9.1.2|m.17667	59.56	225	84	3	1	225	190	407	7e-68	  224
cds.comp113971_c1_seq1	CHOYP_LOC100377058.1.1|m.22299	55.70	307	126	4	1	298	941	1246	3e-105	  340
cds.comp113995_c0_seq1	CHOYP_HX1.1.1|m.23716	55.80	138	53	2	1	137	85	215	3e-44	  154
cds.comp114001_c0_seq1	CHOYP_LOC584931.1.1|m.34534	55.25	295	107	9	5	291	8	285	1e-91	  279
cds.comp114001_c0_seq3	CHOYP_BRAFLDRAFT_100915.1.1|m.59227	62.99	154	53	3	5	154	8	161	9e-65	  204
cds.comp114014_c0_seq1	CHOYP_LOC578478.1.1|m.38980	40.88	159	79	3	1	145	69	226	5e-28	  110
cds.comp114016_c2_seq1	CHOYP_MYO22.2.2|m.24750	57.82	147	60	2	1	147	743	887	2e-28	  113
cds.comp114021_c0_seq1	CHOYP_PHUM_PHUM092120.1.1|m.33493	70.27	111	30	1	8	115	2063	2173	2e-32	  123
cds.comp114039_c1_seq1	CHOYP_INPP5B.1.1|m.8681	59.43	281	113	1	1	281	515	794	9e-115	  356
cds.comp114044_c0_seq1	CHOYP_BRAF.3.3|m.53371	38.86	193	93	8	6	196	32	201	7e-30	  117
cds.comp114047_c0_seq1	CHOYP_LOC592001.1.1|m.43470	71.08	166	48	0	1	166	767	932	1e-76	  248
cds.comp114050_c0_seq1	CHOYP_LOC100703202.1.1|m.10370	55.49	173	71	1	2	174	171	337	1e-63	  209
cds.comp114058_c0_seq1	CHOYP_ISCW_ISCW007151.2.2|m.41980	61.54	299	101	2	1	287	64	360	3e-134	  397
cds.comp114062_c0_seq2	CHOYP_LOC101174856.1.1|m.47585	44.80	125	63	3	1	121	581	703	5e-25	  102
